1.613000035285949707e+00 0.000000000000000000e+00 0.000000000000000000e+00
1.595756888389587402e+00 2.785404026508331299e-02 0.000000000000000000e+00
1.599025368690490723e+00 5.583919584751129150e-02 0.000000000000000000e+00
1.603798985481262207e+00 8.405154198408126831e-02 0.000000000000000000e+00
1.550214529037475586e+00 1.084015592932701111e-01 0.000000000000000000e+00
1.596900105476379395e+00 1.397106647491455078e-01 0.000000000000000000e+00
1.574328064918518066e+00 1.654685437679290771e-01 0.000000000000000000e+00
1.622812986373901367e+00 1.992563754320144653e-01 0.000000000000000000e+00
1.558681964874267578e+00 2.190584540367126465e-01 0.000000000000000000e+00
1.601042866706848145e+00 2.535802721977233887e-01 0.000000000000000000e+00
1.606221437454223633e+00 2.832201719284057617e-01 0.000000000000000000e+00
1.590236067771911621e+00 3.091105818748474121e-01 0.000000000000000000e+00
1.611009001731872559e+00 3.424305319786071777e-01 0.000000000000000000e+00
1.601864457130432129e+00 3.698195517063140869e-01 0.000000000000000000e+00
1.576730608940124512e+00 3.931230902671813965e-01 0.000000000000000000e+00
1.603436827659606934e+00 4.296396076679229736e-01 0.000000000000000000e+00
1.586081743240356445e+00 4.548016190528869629e-01 0.000000000000000000e+00
1.601810455322265625e+00 4.897225797176361084e-01 0.000000000000000000e+00
1.581606984138488770e+00 5.138952732086181641e-01 0.000000000000000000e+00
1.576179504394531250e+00 5.427221059799194336e-01 0.000000000000000000e+00
1.571166157722473145e+00 5.718576908111572266e-01 0.000000000000000000e+00
1.571215867996215820e+00 6.031332612037658691e-01 0.000000000000000000e+00
1.540979504585266113e+00 6.225961446762084961e-01 0.000000000000000000e+00
1.574983716011047363e+00 6.685409545898437500e-01 0.000000000000000000e+00
1.574952363967895508e+00 7.012139558792114258e-01 0.000000000000000000e+00
1.584226012229919434e+00 7.387367486953735352e-01 0.000000000000000000e+00
1.572889566421508789e+00 7.671495079994201660e-01 0.000000000000000000e+00
1.576190590858459473e+00 8.031092286109924316e-01 0.000000000000000000e+00
1.581359148025512695e+00 8.408235907554626465e-01 0.000000000000000000e+00
1.597930192947387695e+00 8.857471942901611328e-01 0.000000000000000000e+00
1.587424516677856445e+00 9.164999723434448242e-01 0.000000000000000000e+00
1.550615668296813965e+00 9.317038655281066895e-01 0.000000000000000000e+00
1.566344857215881348e+00 9.787608981132507324e-01 0.000000000000000000e+00
1.559088587760925293e+00 1.012483954429626465e+00 0.000000000000000000e+00
1.577658534049987793e+00 1.064144134521484375e+00 0.000000000000000000e+00
1.571952819824218750e+00 1.100693225860595703e+00 0.000000000000000000e+00
1.554121613502502441e+00 1.129135489463806152e+00 0.000000000000000000e+00
1.572513341903686523e+00 1.184973716735839844e+00 0.000000000000000000e+00
1.524012804031372070e+00 1.190689325332641602e+00 0.000000000000000000e+00
1.491343140602111816e+00 1.207665801048278809e+00 0.000000000000000000e+00
1.418714284896850586e+00 1.190442681312561035e+00 0.000000000000000000e+00
1.364514946937561035e+00 1.186154723167419434e+00 0.000000000000000000e+00
1.310907483100891113e+00 1.180346369743347168e+00 0.000000000000000000e+00
1.302541017532348633e+00 1.214639067649841309e+00 0.000000000000000000e+00
1.306321024894714355e+00 1.261499524116516113e+00 0.000000000000000000e+00
1.306026220321655273e+00 1.306026220321655273e+00 0.000000000000000000e+00
1.293453931808471680e+00 1.339410662651062012e+00 0.000000000000000000e+00
1.287612915039062500e+00 1.380795836448669434e+00 0.000000000000000000e+00
1.310157656669616699e+00 1.455077528953552246e+00 0.000000000000000000e+00
1.288499951362609863e+00 1.482249617576599121e+00 0.000000000000000000e+00
1.284289717674255371e+00 1.530556797981262207e+00 0.000000000000000000e+00
1.276891112327575684e+00 1.576829195022583008e+00 0.000000000000000000e+00
1.283038616180419922e+00 1.642214536666870117e+00 0.000000000000000000e+00
1.271033287048339844e+00 1.686718225479125977e+00 0.000000000000000000e+00
1.276081800460815430e+00 1.756375908851623535e+00 0.000000000000000000e+00
1.250396728515625000e+00 1.785751461982727051e+00 0.000000000000000000e+00
1.250355362892150879e+00 1.853728055953979492e+00 0.000000000000000000e+00
1.493944883346557617e+00 2.300473451614379883e+00 0.000000000000000000e+00
1.490499973297119141e+00 2.581621646881103516e+00 0.000000000000000000e+00
1.563995838165283203e+00 2.821523189544677734e+00 0.000000000000000000e+00
6.890193819999694824e-01 3.241580963134765625e+00 0.000000000000000000e+00
6.216557025909423828e-01 3.198141336441040039e+00 0.000000000000000000e+00
5.584526062011718750e-01 3.167141914367675781e+00 0.000000000000000000e+00
5.038754343986511230e-01 3.181344032287597656e+00 0.000000000000000000e+00
4.454931318759918213e-01 3.169847965240478516e+00 0.000000000000000000e+00
3.980253040790557861e-01 3.241655826568603516e+00 0.000000000000000000e+00
3.328186571598052979e-01 3.166557788848876953e+00 0.000000000000000000e+00
2.772424519062042236e-01 3.168895244598388672e+00 0.000000000000000000e+00
2.218256294727325439e-01 3.172253847122192383e+00 0.000000000000000000e+00
1.662713736295700073e-01 3.172646045684814453e+00 0.000000000000000000e+00
1.152381822466850281e-01 3.299988508224487305e+00 0.000000000000000000e+00
5.488785728812217712e-02 3.144520998001098633e+00 0.000000000000000000e+00
3.811006266118965868e-08 3.131999969482421875e+00 0.000000000000000000e+00
-5.514956638216972351e-02 3.159518718719482422e+00 0.000000000000000000e+00
-1.093051806092262268e-01 3.130092144012451172e+00 0.000000000000000000e+00
-1.645442098379135132e-01 3.139691352844238281e+00 0.000000000000000000e+00
-2.189655303955078125e-01 3.131353378295898438e+00 0.000000000000000000e+00
-2.730588912963867188e-01 3.121077775955200195e+00 0.000000000000000000e+00
-3.350136876106262207e-01 3.187442541122436523e+00 0.000000000000000000e+00
-3.737218976020812988e-01 2.359587430953979492e+00 0.000000000000000000e+00
-1.328620553016662598e+00 1.283034086227416992e+00 0.000000000000000000e+00
-1.306197643280029297e+00 1.218049049377441406e+00 0.000000000000000000e+00
-1.329486131668090820e+00 1.197074651718139648e+00 0.000000000000000000e+00
-1.338854789733886719e+00 1.163848757743835449e+00 0.000000000000000000e+00
-1.342109799385070801e+00 1.126163959503173828e+00 0.000000000000000000e+00
-1.380211234092712402e+00 1.117673039436340332e+00 0.000000000000000000e+00
-1.375078797340393066e+00 1.074329257011413574e+00 0.000000000000000000e+00
-1.394417643547058105e+00 1.050769090652465820e+00 0.000000000000000000e+00
-1.408498644828796387e+00 1.023334145545959473e+00 0.000000000000000000e+00
-1.422867059707641602e+00 9.963023066520690918e-01 0.000000000000000000e+00
-1.426773548126220703e+00 9.623709917068481445e-01 0.000000000000000000e+00
-1.439997315406799316e+00 9.351452589035034180e-01 0.000000000000000000e+00
-1.462034821510314941e+00 9.135808348655700684e-01 0.000000000000000000e+00
-1.492328286170959473e+00 8.966813683509826660e-01 0.000000000000000000e+00
-1.503419995307922363e+00 8.680000305175781250e-01 0.000000000000000000e+00
-3.103375673294067383e+00 1.581248998641967773e+00 0.000000000000000000e+00
-3.101738214492797852e+00 1.512818932533264160e+00 0.000000000000000000e+00
-3.132199764251708984e+00 1.460568785667419434e+00 0.000000000000000000e+00
-3.139855623245239258e+00 1.397953867912292480e+00 0.000000000000000000e+00
-3.371081113815307617e+00 9.032785296440124512e-01 0.000000000000000000e+00
-3.333574295043945312e+00 5.877991318702697754e-01 0.000000000000000000e+00
-1.744852304458618164e+00 2.452230453491210938e-01 0.000000000000000000e+00
-1.648619174957275391e+00 2.024250179529190063e-01 0.000000000000000000e+00
-1.770248889923095703e+00 1.860606968402862549e-01 0.000000000000000000e+00
-1.745333075523376465e+00 1.526969075202941895e-01 0.000000000000000000e+00
-1.652963519096374512e+00 1.155865117907524109e-01 0.000000000000000000e+00
-1.679694890975952148e+00 8.802912384271621704e-02 0.000000000000000000e+00
-1.925826191902160645e+00 6.725137680768966675e-02 0.000000000000000000e+00
-1.766000032424926758e+00 4.297725197943691455e-08 0.000000000000000000e+00
-1.179175138473510742e+00 -1.264510512351989746e+00 0.000000000000000000e+00
-1.087337255477905273e+00 -1.207610249519348145e+00 0.000000000000000000e+00
-1.110707998275756836e+00 -1.277723312377929688e+00 0.000000000000000000e+00
-1.054171681404113770e+00 -1.256312847137451172e+00 0.000000000000000000e+00
-1.063551545143127441e+00 -1.313376665115356445e+00 0.000000000000000000e+00
-1.006606578826904297e+00 -1.288397550582885742e+00 0.000000000000000000e+00
-9.887821078300476074e-01 -1.312158107757568359e+00 0.000000000000000000e+00
-9.433953762054443359e-01 -1.298472285270690918e+00 0.000000000000000000e+00
-9.102658629417419434e-01 -1.299994230270385742e+00 0.000000000000000000e+00
-8.885575532913208008e-01 -1.317340612411499023e+00 0.000000000000000000e+00
-8.654314875602722168e-01 -1.332647442817687988e+00 0.000000000000000000e+00
-8.388621807098388672e-01 -1.342460036277770996e+00 0.000000000000000000e+00
-7.869782447814941406e-01 -1.309751629829406738e+00 0.000000000000000000e+00
-7.645000815391540527e-01 -1.324152827262878418e+00 0.000000000000000000e+00
-1.493174910545349121e+00 -2.930520534515380859e+00 0.000000000000000000e+00
-1.094464540481567383e+00 -3.007016420364379883e+00 0.000000000000000000e+00
-1.040190339088439941e+00 -3.020931720733642578e+00 0.000000000000000000e+00
-9.635151028633117676e-01 -2.965394258499145508e+00 0.000000000000000000e+00
-9.271107912063598633e-01 -3.032442331314086914e+00 0.000000000000000000e+00
-8.588860630989074707e-01 -2.995291471481323242e+00 0.000000000000000000e+00
-8.416796922683715820e-01 -3.141190767288208008e+00 0.000000000000000000e+00
-7.683441042900085449e-01 -3.081659317016601562e+00 0.000000000000000000e+00
-6.645055413246154785e-01 -2.878289222717285156e+00 0.000000000000000000e+00
-6.389127373695373535e-01 -3.005847454071044922e+00 0.000000000000000000e+00
-2.057817131280899048e-01 -2.942813873291015625e+00 0.000000000000000000e+00
-1.612471938133239746e-01 -3.076777696609497070e+00 0.000000000000000000e+00
-1.046636998653411865e-01 -2.997173070907592773e+00 0.000000000000000000e+00
-5.131018161773681641e-02 -2.939552307128906250e+00 0.000000000000000000e+00
-1.084165646147994266e-07 -2.970000028610229492e+00 0.000000000000000000e+00
5.148449167609214783e-02 -2.949550867080688477e+00 0.000000000000000000e+00
1.041399836540222168e-01 -2.982182264328002930e+00 0.000000000000000000e+00
1.562227159738540649e-01 -2.980909109115600586e+00 0.000000000000000000e+00
2.064790576696395874e-01 -2.952789545059204102e+00 0.000000000000000000e+00
6.389124989509582520e-01 -3.005847454071044922e+00 0.000000000000000000e+00
8.170916438102722168e-01 -3.049427986145019531e+00 0.000000000000000000e+00
8.726677298545837402e-01 -3.043354511260986328e+00 0.000000000000000000e+00
9.063521623611450195e-01 -2.964544773101806641e+00 0.000000000000000000e+00
9.644419550895690918e-01 -2.968247413635253906e+00 0.000000000000000000e+00
1.030748605728149414e+00 -2.993511676788330078e+00 0.000000000000000000e+00
1.126272201538085938e+00 -3.094407796859741211e+00 0.000000000000000000e+00
1.132800936698913574e+00 -2.951047897338867188e+00 0.000000000000000000e+00
1.510426282882690430e+00 -2.964378595352172852e+00 0.000000000000000000e+00
1.584466457366943359e+00 -2.979948282241821289e+00 0.000000000000000000e+00
1.646898150444030762e+00 -2.971083164215087891e+00 0.000000000000000000e+00
1.680999875068664551e+00 -2.911577463150024414e+00 0.000000000000000000e+00
1.683144211769104004e+00 -2.801222801208496094e+00 0.000000000000000000e+00
1.653347969055175781e+00 -2.645910024642944336e+00 0.000000000000000000e+00
1.673130989074707031e+00 -2.576395988464355469e+00 0.000000000000000000e+00
1.718958854675292969e+00 -2.548461437225341797e+00 0.000000000000000000e+00
1.649032115936279297e+00 -2.355062246322631836e+00 0.000000000000000000e+00
1.639333009719848633e+00 -2.256348609924316406e+00 0.000000000000000000e+00
1.645362138748168945e+00 -2.183469533920288086e+00 0.000000000000000000e+00
1.618573904037475586e+00 -2.071680307388305664e+00 0.000000000000000000e+00
1.624275922775268555e+00 -2.005813837051391602e+00 0.000000000000000000e+00
1.607611656188964844e+00 -1.915877223014831543e+00 0.000000000000000000e+00
1.636211156845092773e+00 -1.882245779037475586e+00 0.000000000000000000e+00
1.597214698791503906e+00 -1.773886799812316895e+00 0.000000000000000000e+00
1.605424165725708008e+00 -1.721606731414794922e+00 0.000000000000000000e+00
1.612302064895629883e+00 -1.669587850570678711e+00 0.000000000000000000e+00
1.612203359603881836e+00 -1.612203478813171387e+00 0.000000000000000000e+00
1.607005000114440918e+00 -1.551866888999938965e+00 0.000000000000000000e+00
1.630187392234802246e+00 -1.520174503326416016e+00 0.000000000000000000e+00
1.617826223373413086e+00 -1.456697463989257812e+00 0.000000000000000000e+00
1.597720146179199219e+00 -1.388877153396606445e+00 0.000000000000000000e+00
1.601798892021179199e+00 -1.344069004058837891e+00 0.000000000000000000e+00
1.600143432617187500e+00 -1.295770764350891113e+00 0.000000000000000000e+00
1.617786049842834473e+00 -1.263953089714050293e+00 0.000000000000000000e+00
1.617236971855163574e+00 -1.218675494194030762e+00 0.000000000000000000e+00
1.628551125526428223e+00 -1.183211803436279297e+00 0.000000000000000000e+00
1.630931735038757324e+00 -1.141990780830383301e+00 0.000000000000000000e+00
1.612478017807006836e+00 -1.087630271911621094e+00 0.000000000000000000e+00
1.619472861289978027e+00 -1.051698088645935059e+00 0.000000000000000000e+00
1.602810859680175781e+00 -1.001547455787658691e+00 0.000000000000000000e+00
1.602045655250549316e+00 -9.626061916351318359e-01 0.000000000000000000e+00
1.616003394126892090e+00 -9.330000877380371094e-01 0.000000000000000000e+00
1.616297245025634766e+00 -8.959282636642456055e-01 0.000000000000000000e+00
1.629038333892822266e+00 -8.661751151084899902e-01 0.000000000000000000e+00
1.620740890502929688e+00 -8.258088231086730957e-01 0.000000000000000000e+00
1.620525598526000977e+00 -7.903832197189331055e-01 0.000000000000000000e+00
1.613227844238281250e+00 -7.522605657577514648e-01 0.000000000000000000e+00
1.623370170593261719e+00 -7.227710485458374023e-01 0.000000000000000000e+00
1.617326974868774414e+00 -6.865146756172180176e-01 0.000000000000000000e+00
1.601246476173400879e+00 -6.469456553459167480e-01 0.000000000000000000e+00
1.607625484466552734e+00 -6.171096563339233398e-01 0.000000000000000000e+00
1.603115558624267578e+00 -5.834864377975463867e-01 0.000000000000000000e+00
1.618727803230285645e+00 -5.573727488517761230e-01 0.000000000000000000e+00
1.596823930740356445e+00 -5.188395977020263672e-01 0.000000000000000000e+00
1.613286137580871582e+00 -4.932311475276947021e-01 0.000000000000000000e+00
1.584159255027770996e+00 -4.542504251003265381e-01 0.000000000000000000e+00
1.616959810256958008e+00 -4.332631528377532959e-01 0.000000000000000000e+00
1.606809735298156738e+00 -4.006227254867553711e-01 0.000000000000000000e+00
1.616479992866516113e+00 -3.731938898563385010e-01 0.000000000000000000e+00
1.624703168869018555e+00 -3.453413844108581543e-01 0.000000000000000000e+00
1.618703246116638184e+00 -3.146441280841827393e-01 0.000000000000000000e+00
1.614099979400634766e+00 -2.846094369888305664e-01 0.000000000000000000e+00
1.621784210205078125e+00 -2.568654716014862061e-01 0.000000000000000000e+00
1.620078563690185547e+00 -2.276872694492340088e-01 0.000000000000000000e+00
1.603954672813415527e+00 -1.969409435987472534e-01 0.000000000000000000e+00
1.614109039306640625e+00 -1.696497797966003418e-01 0.000000000000000000e+00
1.603873491287231445e+00 -1.403208225965499878e-01 0.000000000000000000e+00
1.581139087677001953e+00 -1.105640903115272522e-01 0.000000000000000000e+00
1.596808552742004395e+00 -8.368527144193649292e-02 0.000000000000000000e+00
1.596027135848999023e+00 -5.573457479476928711e-02 0.000000000000000000e+00
1.602755904197692871e+00 -2.797628566622734070e-02 0.000000000000000000e+00
