-1.886560916900634766e+00 -1.886560797691345215e+00 0.000000000000000000e+00
-1.851959228515625000e+00 -1.917759776115417480e+00 0.000000000000000000e+00
-1.805931687355041504e+00 -1.936624526977539062e+00 0.000000000000000000e+00
-1.741747021675109863e+00 -1.934405922889709473e+00 0.000000000000000000e+00
-1.672294497489929199e+00 -1.923754692077636719e+00 0.000000000000000000e+00
-1.618539214134216309e+00 -1.928899765014648438e+00 0.000000000000000000e+00
-1.578964948654174805e+00 -1.949859261512756348e+00 0.000000000000000000e+00
-1.531150102615356445e+00 -1.959782719612121582e+00 0.000000000000000000e+00
-1.138511896133422852e+00 -3.306478500366210938e+00 0.000000000000000000e+00
8.363238573074340820e-01 -3.354312419891357422e+00 0.000000000000000000e+00
