1.669000029563903809e+00 0.000000000000000000e+00 0.000000000000000000e+00
1.634750962257385254e+00 2.853468433022499084e-02 0.000000000000000000e+00
1.683973431587219238e+00 5.880564823746681213e-02 0.000000000000000000e+00
1.661719560623168945e+00 8.708703517913818359e-02 0.000000000000000000e+00
1.674910068511962891e+00 1.171211227774620056e-01 0.000000000000000000e+00
1.675599575042724609e+00 1.465959548950195312e-01 0.000000000000000000e+00
1.661846041679382324e+00 1.746670603752136230e-01 0.000000000000000000e+00
1.698246479034423828e+00 2.085184454917907715e-01 0.000000000000000000e+00
1.667611479759216309e+00 2.343675047159194946e-01 0.000000000000000000e+00
1.676107168197631836e+00 2.654692828655242920e-01 0.000000000000000000e+00
1.586525201797485352e+00 2.797471880912780762e-01 0.000000000000000000e+00
1.673674345016479492e+00 3.253293335437774658e-01 0.000000000000000000e+00
1.650135040283203125e+00 3.507470190525054932e-01 0.000000000000000000e+00
1.672993421554565430e+00 3.862409591674804688e-01 0.000000000000000000e+00
1.646591901779174805e+00 4.105414748191833496e-01 0.000000000000000000e+00
1.657528638839721680e+00 4.441334605216979980e-01 0.000000000000000000e+00
1.665866613388061523e+00 4.776795506477355957e-01 0.000000000000000000e+00
1.592247366905212402e+00 4.867988824844360352e-01 0.000000000000000000e+00
1.623453497886657715e+00 5.274919867515563965e-01 0.000000000000000000e+00
1.637638211250305176e+00 5.638840198516845703e-01 0.000000000000000000e+00
1.632246017456054688e+00 5.940889716148376465e-01 0.000000000000000000e+00
1.621629238128662109e+00 6.224851012229919434e-01 0.000000000000000000e+00
1.636479496955871582e+00 6.611806154251098633e-01 0.000000000000000000e+00
1.627452611923217773e+00 6.908126473426818848e-01 0.000000000000000000e+00
1.623370289802551270e+00 7.227709889411926270e-01 0.000000000000000000e+00
1.619571924209594727e+00 7.552188038825988770e-01 0.000000000000000000e+00
1.620525598526000977e+00 7.903831601142883301e-01 0.000000000000000000e+00
1.618067860603332520e+00 8.244467377662658691e-01 0.000000000000000000e+00
1.585773825645446777e+00 8.431709408760070801e-01 0.000000000000000000e+00
1.609300255775451660e+00 8.920497298240661621e-01 0.000000000000000000e+00
1.573568224906921387e+00 9.085000157356262207e-01 0.000000000000000000e+00
1.591759681701660156e+00 9.564256668090820312e-01 0.000000000000000000e+00
1.591786265373229980e+00 9.946584105491638184e-01 0.000000000000000000e+00
1.594312787055969238e+00 1.035358786582946777e+00 0.000000000000000000e+00
1.614136219024658203e+00 1.088748574256896973e+00 0.000000000000000000e+00
1.574410319328308105e+00 1.102413892745971680e+00 0.000000000000000000e+00
1.583246231079101562e+00 1.150295734405517578e+00 0.000000000000000000e+00
1.581298351287841797e+00 1.191593766212463379e+00 0.000000000000000000e+00
1.573657512664794922e+00 1.229475975036621094e+00 0.000000000000000000e+00
1.575274825096130371e+00 1.275632381439208984e+00 0.000000000000000000e+00
1.566560983657836914e+00 1.314500689506530762e+00 0.000000000000000000e+00
1.525267958641052246e+00 1.325895190238952637e+00 0.000000000000000000e+00
1.465481638908386230e+00 1.319525599479675293e+00 0.000000000000000000e+00
1.423214316368103027e+00 1.327168822288513184e+00 0.000000000000000000e+00
1.355236172676086426e+00 1.308736324310302734e+00 0.000000000000000000e+00
1.310268878936767578e+00 1.310268878936767578e+00 0.000000000000000000e+00
1.285117983818054199e+00 1.330778598785400391e+00 0.000000000000000000e+00
1.300570845603942871e+00 1.394691467285156250e+00 0.000000000000000000e+00
1.298782467842102051e+00 1.442444086074829102e+00 0.000000000000000000e+00
1.281283259391784668e+00 1.473947763442993164e+00 0.000000000000000000e+00
1.290717482566833496e+00 1.538217186927795410e+00 0.000000000000000000e+00
1.265563249588012695e+00 1.562840461730957031e+00 0.000000000000000000e+00
1.259643435478210449e+00 1.612269997596740723e+00 0.000000000000000000e+00
1.241544365882873535e+00 1.647585034370422363e+00 0.000000000000000000e+00
1.253158211708068848e+00 1.724824190139770508e+00 0.000000000000000000e+00
1.248675942420959473e+00 1.783294081687927246e+00 0.000000000000000000e+00
1.234138727188110352e+00 1.829685926437377930e+00 0.000000000000000000e+00
1.218902111053466797e+00 1.876944661140441895e+00 0.000000000000000000e+00
1.208745837211608887e+00 1.934397578239440918e+00 0.000000000000000000e+00
1.442106604576110840e+00 2.400068283081054688e+00 0.000000000000000000e+00
1.422500014305114746e+00 2.463842391967773438e+00 0.000000000000000000e+00
1.399964332580566406e+00 2.632949829101562500e+00 0.000000000000000000e+00
1.415996432304382324e+00 2.779049396514892578e+00 0.000000000000000000e+00
1.022935152053833008e+00 2.970819234848022461e+00 0.000000000000000000e+00
5.683504939079284668e-01 3.223275661468505859e+00 0.000000000000000000e+00
5.307821631431579590e-01 3.351226329803466797e+00 0.000000000000000000e+00
4.563486278057098389e-01 3.247089147567749023e+00 0.000000000000000000e+00
4.021688699722290039e-01 3.275402307510375977e+00 0.000000000000000000e+00
3.388813138008117676e-01 3.224240064620971680e+00 0.000000000000000000e+00
2.819488644599914551e-01 3.222689628601074219e+00 0.000000000000000000e+00
2.221046537160873413e-01 3.176244020462036133e+00 0.000000000000000000e+00
1.686264872550964355e-01 3.217584133148193359e+00 0.000000000000000000e+00
1.122019141912460327e-01 3.213041305541992188e+00 0.000000000000000000e+00
5.628404766321182251e-02 3.224508762359619141e+00 0.000000000000000000e+00
3.881580568076969939e-08 3.190000057220458984e+00 0.000000000000000000e+00
-5.555097386240959167e-02 3.182515382766723633e+00 0.000000000000000000e+00
-1.103870719671249390e-01 3.161073207855224609e+00 0.000000000000000000e+00
-1.715048849582672119e-01 3.272508859634399414e+00 0.000000000000000000e+00
-2.206396907567977905e-01 3.155295133590698242e+00 0.000000000000000000e+00
-2.764579653739929199e-01 3.159929513931274414e+00 0.000000000000000000e+00
-3.280102908611297607e-01 3.120809793472290039e+00 0.000000000000000000e+00
-3.831571936607360840e-01 3.120565176010131836e+00 0.000000000000000000e+00
-8.111695647239685059e-01 2.496523380279541016e+00 0.000000000000000000e+00
-1.014795899391174316e+00 2.947181463241577148e+00 0.000000000000000000e+00
-1.131060600280761719e+00 3.107563495635986328e+00 0.000000000000000000e+00
-1.227211117744445801e+00 3.037454366683959961e+00 0.000000000000000000e+00
-1.330830097198486328e+00 3.135239362716674805e+00 0.000000000000000000e+00
-1.437324643135070801e+00 3.082352876663208008e+00 0.000000000000000000e+00
-1.513257145881652832e+00 3.102637052536010742e+00 0.000000000000000000e+00
-9.809585213661193848e-01 -1.301775813102722168e+00 0.000000000000000000e+00
-9.616167545318603516e-01 -1.323551774024963379e+00 0.000000000000000000e+00
-9.274731278419494629e-01 -1.324568867683410645e+00 0.000000000000000000e+00
-9.131620526313781738e-01 -1.353818297386169434e+00 0.000000000000000000e+00
-8.637975454330444336e-01 -1.330131411552429199e+00 0.000000000000000000e+00
-5.327527523040771484e-01 -3.021390199661254883e+00 0.000000000000000000e+00
5.092601478099822998e-02 -2.917555570602416992e+00 0.000000000000000000e+00
1.022554188966751099e-01 -2.928215265274047852e+00 0.000000000000000000e+00
1.538152545690536499e-01 -2.934972047805786133e+00 0.000000000000000000e+00
2.049444019794464111e-01 -2.930843114852905273e+00 0.000000000000000000e+00
2.609441876411437988e-01 -2.982606887817382812e+00 0.000000000000000000e+00
3.063728213310241699e-01 -2.914943695068359375e+00 0.000000000000000000e+00
3.571989238262176514e-01 -2.909152746200561523e+00 0.000000000000000000e+00
4.102821946144104004e-01 -2.919310331344604492e+00 0.000000000000000000e+00
4.627330303192138672e-01 -2.921581983566284180e+00 0.000000000000000000e+00
5.171241760253906250e-01 -2.932757377624511719e+00 0.000000000000000000e+00
1.029446363449096680e+00 -2.989729642868041992e+00 0.000000000000000000e+00
1.040425181388854980e+00 -2.858545064926147461e+00 0.000000000000000000e+00
1.114524126052856445e+00 -2.903434991836547852e+00 0.000000000000000000e+00
1.168023228645324707e+00 -2.890959262847900391e+00 0.000000000000000000e+00
1.226114153861999512e+00 -2.888544321060180664e+00 0.000000000000000000e+00
1.297896504402160645e+00 -2.915123701095581055e+00 0.000000000000000000e+00
1.328289031982421875e+00 -2.848525285720825195e+00 0.000000000000000000e+00
1.459775805473327637e+00 -2.992984056472778320e+00 0.000000000000000000e+00
1.460487365722656250e+00 -2.866368055343627930e+00 0.000000000000000000e+00
1.616859912872314453e+00 -3.040871620178222656e+00 0.000000000000000000e+00
1.619264006614685059e+00 -2.921229839324951172e+00 0.000000000000000000e+00
1.644999861717224121e+00 -2.849223613739013672e+00 0.000000000000000000e+00
1.684174418449401855e+00 -2.802937030792236328e+00 0.000000000000000000e+00
1.722767353057861328e+00 -2.757004261016845703e+00 0.000000000000000000e+00
1.802210450172424316e+00 -2.775161027908325195e+00 0.000000000000000000e+00
1.885039210319519043e+00 -2.794685840606689453e+00 0.000000000000000000e+00
1.930084586143493652e+00 -2.756446599960327148e+00 0.000000000000000000e+00
1.932637810707092285e+00 -2.660048007965087891e+00 0.000000000000000000e+00
1.896920800209045410e+00 -2.517299175262451172e+00 0.000000000000000000e+00
1.869148135185241699e+00 -2.392400741577148438e+00 0.000000000000000000e+00
1.899918198585510254e+00 -2.346203804016113281e+00 0.000000000000000000e+00
1.847371578216552734e+00 -2.201611757278442383e+00 0.000000000000000000e+00
1.849430322647094727e+00 -2.127526283264160156e+00 0.000000000000000000e+00
1.836763381958007812e+00 -2.039932489395141602e+00 0.000000000000000000e+00
1.835939407348632812e+00 -1.968804121017456055e+00 0.000000000000000000e+00
1.832508683204650879e+00 -1.897618532180786133e+00 0.000000000000000000e+00
1.813728809356689453e+00 -1.813729047775268555e+00 0.000000000000000000e+00
1.824965000152587891e+00 -1.762348294258117676e+00 0.000000000000000000e+00
1.786697030067443848e+00 -1.666122078895568848e+00 0.000000000000000000e+00
1.773143410682678223e+00 -1.596545696258544922e+00 0.000000000000000000e+00
1.791680574417114258e+00 -1.557484269142150879e+00 0.000000000000000000e+00
1.800204277038574219e+00 -1.510550856590270996e+00 0.000000000000000000e+00
1.783550024032592773e+00 -1.444290399551391602e+00 0.000000000000000000e+00
1.796664476394653320e+00 -1.403708219528198242e+00 0.000000000000000000e+00
1.801721692085266113e+00 -1.357694745063781738e+00 0.000000000000000000e+00
1.784691452980041504e+00 -1.296654343605041504e+00 0.000000000000000000e+00
1.708751082420349121e+00 -1.196480512619018555e+00 0.000000000000000000e+00
1.782430768013000488e+00 -1.202264904975891113e+00 0.000000000000000000e+00
1.757014870643615723e+00 -1.141018867492675781e+00 0.000000000000000000e+00
1.762243986129760742e+00 -1.101172327995300293e+00 0.000000000000000000e+00
1.763193011283874512e+00 -1.059433341026306152e+00 0.000000000000000000e+00
1.756299614906311035e+00 -1.014000177383422852e+00 0.000000000000000000e+00
1.778101801872253418e+00 -9.856180548667907715e-01 0.000000000000000000e+00
1.771192908287048340e+00 -9.417600631713867188e-01 0.000000000000000000e+00
1.757064819335937500e+00 -8.952693343162536621e-01 0.000000000000000000e+00
1.750850677490234375e+00 -8.539470434188842773e-01 0.000000000000000000e+00
1.729235172271728516e+00 -8.063557147979736328e-01 0.000000000000000000e+00
1.732082128524780273e+00 -7.711727619171142578e-01 0.000000000000000000e+00
1.738833665847778320e+00 -7.380912303924560547e-01 0.000000000000000000e+00
1.743105649948120117e+00 -7.042604684829711914e-01 0.000000000000000000e+00
1.754197597503662109e+00 -6.733734607696533203e-01 0.000000000000000000e+00
1.757225155830383301e+00 -6.395777463912963867e-01 0.000000000000000000e+00
1.743536233901977539e+00 -6.003477573394775391e-01 0.000000000000000000e+00
1.726167559623718262e+00 -5.608659386634826660e-01 0.000000000000000000e+00
1.748125076293945312e+00 -5.344555377960205078e-01 0.000000000000000000e+00
1.727387309074401855e+00 -4.953204095363616943e-01 0.000000000000000000e+00
1.718382120132446289e+00 -4.604391753673553467e-01 0.000000000000000000e+00
1.742651104927062988e+00 -4.344918131828308105e-01 0.000000000000000000e+00
1.731455564498901367e+00 -3.997381031513214111e-01 0.000000000000000000e+00
1.741102695465087891e+00 -3.700828850269317627e-01 0.000000000000000000e+00
1.712939381599426270e+00 -3.329617679119110107e-01 0.000000000000000000e+00
1.740155220031738281e+00 -3.068363964557647705e-01 0.000000000000000000e+00
1.725491523742675781e+00 -2.732910811901092529e-01 0.000000000000000000e+00
1.708212375640869141e+00 -2.400736808776855469e-01 0.000000000000000000e+00
1.708171844482421875e+00 -2.097372114658355713e-01 0.000000000000000000e+00
1.697648882865905762e+00 -1.784301698207855225e-01 0.000000000000000000e+00
1.706481575965881348e+00 -1.492978781461715698e-01 0.000000000000000000e+00
1.730773687362670898e+00 -1.210275664925575256e-01 0.000000000000000000e+00
1.732622265815734863e+00 -9.080296754837036133e-02 0.000000000000000000e+00
1.683973431587219238e+00 -5.880573019385337830e-02 0.000000000000000000e+00
1.682743668556213379e+00 -2.937248162925243378e-02 0.000000000000000000e+00
