1.603999972343444824e+00 0.000000000000000000e+00 0.000000000000000000e+00
1.609754800796508789e+00 2.809837460517883301e-02 0.000000000000000000e+00
1.507081389427185059e+00 5.262844264507293701e-02 0.000000000000000000e+00
1.598805785179138184e+00 8.378986269235610962e-02 0.000000000000000000e+00
1.529265642166137695e+00 1.069366708397865295e-01 0.000000000000000000e+00
1.585941910743713379e+00 1.387519389390945435e-01 0.000000000000000000e+00
1.595213055610656738e+00 1.676636487245559692e-01 0.000000000000000000e+00
1.615865111351013184e+00 1.984032988548278809e-01 0.000000000000000000e+00
1.601263403892517090e+00 2.250428944826126099e-01 0.000000000000000000e+00
1.603018164634704590e+00 2.538931369781494141e-01 0.000000000000000000e+00
1.599327802658081055e+00 2.820046246051788330e-01 0.000000000000000000e+00
1.593180894851684570e+00 3.096829950809478760e-01 0.000000000000000000e+00
1.617856144905090332e+00 3.438859283924102783e-01 0.000000000000000000e+00
1.596992611885070801e+00 3.686947822570800781e-01 0.000000000000000000e+00
1.556354284286499023e+00 3.880427181720733643e-01 0.000000000000000000e+00
1.578322768211364746e+00 4.229103028774261475e-01 0.000000000000000000e+00
1.581275463104248047e+00 4.534234404563903809e-01 0.000000000000000000e+00
1.631455898284912109e+00 4.987861216068267822e-01 0.000000000000000000e+00
1.598726034164428711e+00 5.194575786590576172e-01 0.000000000000000000e+00
1.567669749259948730e+00 5.397920012474060059e-01 0.000000000000000000e+00
1.559889674186706543e+00 5.677534341812133789e-01 0.000000000000000000e+00
1.581485271453857422e+00 6.070753335952758789e-01 0.000000000000000000e+00
1.594756245613098145e+00 6.443233489990234375e-01 0.000000000000000000e+00
1.591552853584289551e+00 6.755741238594055176e-01 0.000000000000000000e+00
1.596877455711364746e+00 7.109756469726562500e-01 0.000000000000000000e+00
1.527128577232360840e+00 7.121117711067199707e-01 0.000000000000000000e+00
1.611537694931030273e+00 7.859994769096374512e-01 0.000000000000000000e+00
1.584209561347961426e+00 8.071951270103454590e-01 0.000000000000000000e+00
1.538977742195129395e+00 8.182889223098754883e-01 0.000000000000000000e+00
1.605801701545715332e+00 8.901104331016540527e-01 0.000000000000000000e+00
1.559711813926696777e+00 9.004999995231628418e-01 0.000000000000000000e+00
1.578045010566711426e+00 9.481850862503051758e-01 0.000000000000000000e+00
1.569736957550048828e+00 9.808804988861083984e-01 0.000000000000000000e+00
1.568313956260681152e+00 1.018474936485290527e+00 0.000000000000000000e+00
1.577658534049987793e+00 1.064144134521484375e+00 0.000000000000000000e+00
1.577686786651611328e+00 1.104708194732666016e+00 0.000000000000000000e+00
1.588100433349609375e+00 1.153822422027587891e+00 0.000000000000000000e+00
1.571714758872985840e+00 1.184371948242187500e+00 0.000000000000000000e+00
1.554745316505432129e+00 1.214700102806091309e+00 0.000000000000000000e+00
1.493674635887145996e+00 1.209553837776184082e+00 0.000000000000000000e+00
1.434801220893859863e+00 1.203941226005554199e+00 0.000000000000000000e+00
1.344892382621765137e+00 1.169097185134887695e+00 0.000000000000000000e+00
1.311650633811950684e+00 1.181015491485595703e+00 0.000000000000000000e+00
1.296690106391906738e+00 1.209183096885681152e+00 0.000000000000000000e+00
1.293372988700866699e+00 1.248995780944824219e+00 0.000000000000000000e+00
1.274913549423217773e+00 1.274913549423217773e+00 0.000000000000000000e+00
1.289285898208618164e+00 1.335094571113586426e+00 0.000000000000000000e+00
1.293750882148742676e+00 1.387377977371215820e+00 0.000000000000000000e+00
1.293429493904113770e+00 1.436498880386352539e+00 0.000000000000000000e+00
1.286531686782836914e+00 1.479985475540161133e+00 0.000000000000000000e+00
1.281075716018676758e+00 1.526726603507995605e+00 0.000000000000000000e+00
1.276261806488037109e+00 1.576052069664001465e+00 0.000000000000000000e+00
1.278728842735290527e+00 1.636698246002197266e+00 0.000000000000000000e+00
1.265015244483947754e+00 1.678731799125671387e+00 0.000000000000000000e+00
1.278432965278625488e+00 1.759611964225769043e+00 0.000000000000000000e+00
1.260147452354431152e+00 1.799677014350891113e+00 0.000000000000000000e+00
1.255388021469116211e+00 1.861189246177673340e+00 0.000000000000000000e+00
1.481418251991271973e+00 2.281183958053588867e+00 0.000000000000000000e+00
1.489500045776367188e+00 2.579889774322509766e+00 0.000000000000000000e+00
1.500001072883605957e+00 2.706073522567749023e+00 0.000000000000000000e+00
1.357009291648864746e+00 3.196913480758666992e+00 0.000000000000000000e+00
1.115578413009643555e+00 2.761153459548950195e+00 0.000000000000000000e+00
7.657440900802612305e-01 2.356718063354492188e+00 0.000000000000000000e+00
6.871482133865356445e-01 3.232777833938598633e+00 0.000000000000000000e+00
6.186028122901916504e-01 3.182435512542724609e+00 0.000000000000000000e+00
5.624464750289916992e-01 3.189792394638061523e+00 0.000000000000000000e+00
5.142000913619995117e-01 3.246531486511230469e+00 0.000000000000000000e+00
4.495291411876678467e-01 3.198565959930419922e+00 0.000000000000000000e+00
3.959535360336303711e-01 3.224782466888427734e+00 0.000000000000000000e+00
3.401356637477874756e-01 3.236174106597900391e+00 0.000000000000000000e+00
1.997609883546829224e-01 2.283278226852416992e+00 0.000000000000000000e+00
1.540223211050033569e-01 2.202621459960937500e+00 0.000000000000000000e+00
-1.259726136922836304e-01 2.403701305389404297e+00 0.000000000000000000e+00
-1.787858009338378906e-01 2.556756734848022461e+00 0.000000000000000000e+00
-2.732332050800323486e-01 3.123070478439331055e+00 0.000000000000000000e+00
-3.293691575527191162e-01 3.133738517761230469e+00 0.000000000000000000e+00
-3.848633468151092529e-01 3.134460687637329102e+00 0.000000000000000000e+00
-4.318540692329406738e-01 3.072801828384399414e+00 0.000000000000000000e+00
-4.932378530502319336e-01 3.114181518554687500e+00 0.000000000000000000e+00
-5.443869829177856445e-01 3.087372303009033203e+00 0.000000000000000000e+00
-1.668811678886413574e+00 1.853403210639953613e+00 0.000000000000000000e+00
-1.682489871978759766e+00 1.804249644279479980e+00 0.000000000000000000e+00
-1.697050452232360840e+00 1.757347226142883301e+00 0.000000000000000000e+00
-1.743725299835205078e+00 1.743725419044494629e+00 0.000000000000000000e+00
-1.760224461555480957e+00 1.699829101562500000e+00 0.000000000000000000e+00
-1.780846238136291504e+00 1.660665988922119141e+00 0.000000000000000000e+00
-1.793208479881286621e+00 1.614612221717834473e+00 0.000000000000000000e+00
-1.830925464630126953e+00 1.591599345207214355e+00 0.000000000000000000e+00
-1.827781915664672852e+00 1.533691167831420898e+00 0.000000000000000000e+00
-1.894681811332702637e+00 1.534283161163330078e+00 0.000000000000000000e+00
-1.964510798454284668e+00 1.534844160079956055e+00 0.000000000000000000e+00
-3.095356702804565430e+00 1.577163100242614746e+00 0.000000000000000000e+00
-3.092750310897827148e+00 1.508435130119323730e+00 0.000000000000000000e+00
-3.151232242584228516e+00 1.469443798065185547e+00 0.000000000000000000e+00
-3.366072893142700195e+00 5.935295224189758301e-01 0.000000000000000000e+00
-1.735939979553222656e+00 2.439704835414886475e-01 0.000000000000000000e+00
-1.620827913284301758e+00 1.990126818418502808e-01 0.000000000000000000e+00
-1.741407871246337891e+00 1.830293834209442139e-01 0.000000000000000000e+00
-1.738359808921813965e+00 1.520868092775344849e-01 0.000000000000000000e+00
-1.654958844184875488e+00 1.157260313630104065e-01 0.000000000000000000e+00
-1.674701809883117676e+00 8.776744455099105835e-02 0.000000000000000000e+00
-1.937818765640258789e+00 6.767017394304275513e-02 0.000000000000000000e+00
-1.741000056266784668e+00 4.236885331465600757e-08 0.000000000000000000e+00
-1.170309185981750488e+00 -1.255002856254577637e+00 0.000000000000000000e+00
-1.140867710113525391e+00 -1.267061948776245117e+00 0.000000000000000000e+00
-1.104147315025329590e+00 -1.270176172256469727e+00 0.000000000000000000e+00
-1.074098110198974609e+00 -1.280060291290283203e+00 0.000000000000000000e+00
-1.046559810638427734e+00 -1.292393684387207031e+00 0.000000000000000000e+00
-1.004759550094604492e+00 -1.286033511161804199e+00 0.000000000000000000e+00
-9.869766831398010254e-01 -1.309762239456176758e+00 0.000000000000000000e+00
-9.275251626968383789e-01 -1.276628732681274414e+00 0.000000000000000000e+00
-9.045301079750061035e-01 -1.291802763938903809e+00 0.000000000000000000e+00
-8.891167640686035156e-01 -1.318169713020324707e+00 0.000000000000000000e+00
-8.659761548042297363e-01 -1.333486199378967285e+00 0.000000000000000000e+00
-8.372725248336791992e-01 -1.339915990829467773e+00 0.000000000000000000e+00
-7.967639565467834473e-01 -1.326037883758544922e+00 0.000000000000000000e+00
-6.350000500679016113e-01 -1.099852204322814941e+00 0.000000000000000000e+00
-1.664351582527160645e+00 -3.002569437026977539e+00 0.000000000000000000e+00
-1.498622775077819824e+00 -2.941212654113769531e+00 0.000000000000000000e+00
-1.127640485763549805e+00 -3.098166465759277344e+00 0.000000000000000000e+00
-1.027493119239807129e+00 -2.984056472778320312e+00 0.000000000000000000e+00
-9.798929691314697266e-01 -3.015800237655639648e+00 0.000000000000000000e+00
-9.247718453407287598e-01 -3.024791955947875977e+00 0.000000000000000000e+00
-8.729436397552490234e-01 -3.044315814971923828e+00 0.000000000000000000e+00
-8.085508346557617188e-01 -3.017552375793457031e+00 0.000000000000000000e+00
-6.811519265174865723e-01 -2.950392723083496094e+00 0.000000000000000000e+00
-2.191749513149261475e-01 -3.134346246719360352e+00 0.000000000000000000e+00
-1.620845645666122437e-01 -3.092755556106567383e+00 0.000000000000000000e+00
-1.080838516354560852e-01 -3.095113277435302734e+00 0.000000000000000000e+00
-5.178139731287956238e-02 -2.966548204421997070e+00 0.000000000000000000e+00
-1.079055138575313322e-07 -2.956000089645385742e+00 0.000000000000000000e+00
5.144958570599555969e-02 -2.947551012039184570e+00 0.000000000000000000e+00
1.037560924887657166e-01 -2.971189022064208984e+00 0.000000000000000000e+00
1.562750637531280518e-01 -2.981907844543457031e+00 0.000000000000000000e+00
2.048049122095108032e-01 -2.928848266601562500e+00 0.000000000000000000e+00
7.233463525772094727e-01 -2.901184320449829102e+00 0.000000000000000000e+00
7.862921953201293945e-01 -2.934482812881469727e+00 0.000000000000000000e+00
8.346298336982727051e-01 -2.910700559616088867e+00 0.000000000000000000e+00
8.844243288040161133e-01 -2.892822027206420898e+00 0.000000000000000000e+00
9.536263346672058105e-01 -2.934960365295410156e+00 0.000000000000000000e+00
1.005354404449462891e+00 -2.919761419296264648e+00 0.000000000000000000e+00
1.066418647766113281e+00 -2.929961681365966797e+00 0.000000000000000000e+00
1.124916911125183105e+00 -2.930508852005004883e+00 0.000000000000000000e+00
1.509972214698791504e+00 -2.963487625122070312e+00 0.000000000000000000e+00
1.571790695190429688e+00 -2.956108570098876953e+00 0.000000000000000000e+00
1.597932338714599609e+00 -2.882746696472167969e+00 0.000000000000000000e+00
1.701999902725219727e+00 -2.947950601577758789e+00 0.000000000000000000e+00
1.675418734550476074e+00 -2.788365364074707031e+00 0.000000000000000000e+00
1.626322150230407715e+00 -2.602659702301025391e+00 0.000000000000000000e+00
1.639907956123352051e+00 -2.525237083435058594e+00 0.000000000000000000e+00
1.628928899765014648e+00 -2.414986610412597656e+00 0.000000000000000000e+00
1.622074127197265625e+00 -2.316562175750732422e+00 0.000000000000000000e+00
1.612294912338256836e+00 -2.219133615493774414e+00 0.000000000000000000e+00
1.618882298469543457e+00 -2.148329734802246094e+00 0.000000000000000000e+00
1.615495681762695312e+00 -2.067740440368652344e+00 0.000000000000000000e+00
1.626163840293884277e+00 -2.008145332336425781e+00 0.000000000000000000e+00
1.589613676071166992e+00 -1.894428014755249023e+00 0.000000000000000000e+00
1.599471807479858398e+00 -1.839982032775878906e+00 0.000000000000000000e+00
1.614612102508544922e+00 -1.793208599090576172e+00 0.000000000000000000e+00
1.627930045127868652e+00 -1.745741367340087891e+00 0.000000000000000000e+00
1.634531021118164062e+00 -1.692606568336486816e+00 0.000000000000000000e+00
1.647558689117431641e+00 -1.647558808326721191e+00 0.000000000000000000e+00
1.637936592102050781e+00 -1.581737160682678223e+00 0.000000000000000000e+00
1.641888856887817383e+00 -1.531086325645446777e+00 0.000000000000000000e+00
1.639377474784851074e+00 -1.476102232933044434e+00 0.000000000000000000e+00
1.630172729492187500e+00 -1.417087674140930176e+00 0.000000000000000000e+00
1.630142569541931152e+00 -1.367852091789245605e+00 0.000000000000000000e+00
1.618794918060302734e+00 -1.310874462127685547e+00 0.000000000000000000e+00
1.617786049842834473e+00 -1.263953089714050293e+00 0.000000000000000000e+00
1.644390463829040527e+00 -1.239137172698974609e+00 0.000000000000000000e+00
1.630978226661682129e+00 -1.184975147247314453e+00 0.000000000000000000e+00
1.571952700614929199e+00 -1.100693225860595703e+00 0.000000000000000000e+00
1.638178110122680664e+00 -1.104965209960937500e+00 0.000000000000000000e+00
1.627859473228454590e+00 -1.057144403457641602e+00 0.000000000000000000e+00
1.614683508872985840e+00 -1.008966326713562012e+00 0.000000000000000000e+00
1.611474514007568359e+00 -9.682716727256774902e-01 0.000000000000000000e+00
1.620333552360534668e+00 -9.355000853538513184e-01 0.000000000000000000e+00
1.622419476509094238e+00 -8.993219137191772461e-01 0.000000000000000000e+00
1.603432774543762207e+00 -8.525604009628295898e-01 0.000000000000000000e+00
1.616285800933837891e+00 -8.235388398170471191e-01 0.000000000000000000e+00
1.615132927894592285e+00 -7.877530455589294434e-01 0.000000000000000000e+00
1.621384620666503906e+00 -7.560641765594482422e-01 0.000000000000000000e+00
1.584087729454040527e+00 -7.052813768386840820e-01 0.000000000000000000e+00
1.587870836257934570e+00 -6.740112900733947754e-01 0.000000000000000000e+00
1.589193105697631836e+00 -6.420757770538330078e-01 0.000000000000000000e+00
1.619762063026428223e+00 -6.217684745788574219e-01 0.000000000000000000e+00
1.606874346733093262e+00 -5.848545432090759277e-01 0.000000000000000000e+00
1.618727803230285645e+00 -5.573727488517761230e-01 0.000000000000000000e+00
1.605383396148681641e+00 -5.216207504272460938e-01 0.000000000000000000e+00
1.592247366905212402e+00 -4.867989420890808105e-01 0.000000000000000000e+00
1.605306982994079590e+00 -4.603144526481628418e-01 0.000000000000000000e+00
1.598607182502746582e+00 -4.283455908298492432e-01 0.000000000000000000e+00
1.602928519248962402e+00 -3.996550440788269043e-01 0.000000000000000000e+00
1.626223683357238770e+00 -3.754433989524841309e-01 0.000000000000000000e+00
1.546451330184936523e+00 -3.287084400653839111e-01 0.000000000000000000e+00
1.621648073196411133e+00 -3.152165412902832031e-01 0.000000000000000000e+00
1.607206225395202637e+00 -2.833938896656036377e-01 0.000000000000000000e+00
1.626722693443298340e+00 -2.576476335525512695e-01 0.000000000000000000e+00
1.527983546257019043e+00 -2.147441655397415161e-01 0.000000000000000000e+00
1.612887501716613770e+00 -1.980377584695816040e-01 0.000000000000000000e+00
1.605158329010009766e+00 -1.687090098857879639e-01 0.000000000000000000e+00
1.618816375732421875e+00 -1.416281610727310181e-01 0.000000000000000000e+00
1.604083061218261719e+00 -1.121684908866882324e-01 0.000000000000000000e+00
1.506931900978088379e+00 -7.897502928972244263e-02 0.000000000000000000e+00
1.609019279479980469e+00 -5.618826672434806824e-02 0.000000000000000000e+00
1.590757608413696289e+00 -2.776685543358325958e-02 0.000000000000000000e+00
