1.580999970436096191e+00 0.000000000000000000e+00 0.000000000000000000e+00
1.617753624916076660e+00 2.823799476027488708e-02 0.000000000000000000e+00
1.583035111427307129e+00 5.528080090880393982e-02 0.000000000000000000e+00
1.590816855430603027e+00 8.337117731571197510e-02 0.000000000000000000e+00
1.592112183570861816e+00 1.113313287496566772e-01 0.000000000000000000e+00
1.600884914398193359e+00 1.400592774152755737e-01 0.000000000000000000e+00
1.590240478515625000e+00 1.671410053968429565e-01 0.000000000000000000e+00
1.595021605491638184e+00 1.958440393209457397e-01 0.000000000000000000e+00
1.589380264282226562e+00 2.233728319406509399e-01 0.000000000000000000e+00
1.598079800605773926e+00 2.531109750270843506e-01 0.000000000000000000e+00
1.595388531684875488e+00 2.813100516796112061e-01 0.000000000000000000e+00
1.579438090324401855e+00 3.070116639137268066e-01 0.000000000000000000e+00
1.592424273490905762e+00 3.384802341461181641e-01 0.000000000000000000e+00
1.587248802185058594e+00 3.664452433586120605e-01 0.000000000000000000e+00
1.594195842742919922e+00 3.974776864051818848e-01 0.000000000000000000e+00
1.588948011398315430e+00 4.257573187351226807e-01 0.000000000000000000e+00
1.583197951316833496e+00 4.539747238159179688e-01 0.000000000000000000e+00
1.592247366905212402e+00 4.867988824844360352e-01 0.000000000000000000e+00
1.590166568756103516e+00 5.166764259338378906e-01 0.000000000000000000e+00
1.592253327369689941e+00 5.482567548751831055e-01 0.000000000000000000e+00
1.573045492172241211e+00 5.725417137145996094e-01 0.000000000000000000e+00
1.583352327346801758e+00 6.077920198440551758e-01 0.000000000000000000e+00
1.551178574562072754e+00 6.267167925834655762e-01 0.000000000000000000e+00
1.586950302124023438e+00 6.736204624176025391e-01 0.000000000000000000e+00
1.586828470230102539e+00 7.065015435218811035e-01 0.000000000000000000e+00
1.581507086753845215e+00 7.374688386917114258e-01 0.000000000000000000e+00
1.588169097900390625e+00 7.746018171310424805e-01 0.000000000000000000e+00
1.577081561088562012e+00 8.035631775856018066e-01 0.000000000000000000e+00
1.568997859954833984e+00 8.342509269714355469e-01 0.000000000000000000e+00
1.583061575889587402e+00 8.775053620338439941e-01 0.000000000000000000e+00
1.568372011184692383e+00 9.054999947547912598e-01 0.000000000000000000e+00
1.578902125358581543e+00 9.487001299858093262e-01 0.000000000000000000e+00
1.593482375144958496e+00 9.957182407379150391e-01 0.000000000000000000e+00
1.595990061759948730e+00 1.036448121070861816e+00 0.000000000000000000e+00
1.587606906890869141e+00 1.070854425430297852e+00 0.000000000000000000e+00
1.576048612594604492e+00 1.103561043739318848e+00 0.000000000000000000e+00
1.590527415275573730e+00 1.155585765838623047e+00 0.000000000000000000e+00
1.597271084785461426e+00 1.203630089759826660e+00 0.000000000000000000e+00
1.521648764610290527e+00 1.188842296600341797e+00 0.000000000000000000e+00
1.458702921867370605e+00 1.181234359741210938e+00 0.000000000000000000e+00
1.407223701477050781e+00 1.180800795555114746e+00 0.000000000000000000e+00
1.362250804901123047e+00 1.184186458587646484e+00 0.000000000000000000e+00
1.325770378112792969e+00 1.193729043006896973e+00 0.000000000000000000e+00
1.301078319549560547e+00 1.213275074958801270e+00 0.000000000000000000e+00
1.311356425285339355e+00 1.266362190246582031e+00 0.000000000000000000e+00
1.265014052391052246e+00 1.265014052391052246e+00 0.000000000000000000e+00
1.287896633148193359e+00 1.333655953407287598e+00 0.000000000000000000e+00
1.317620873451232910e+00 1.412975430488586426e+00 0.000000000000000000e+00
1.310826897621154785e+00 1.455820679664611816e+00 0.000000000000000000e+00
1.293092370033264160e+00 1.487532496452331543e+00 0.000000000000000000e+00
1.284289717674255371e+00 1.530556797981262207e+00 0.000000000000000000e+00
1.291994810104370117e+00 1.595480680465698242e+00 0.000000000000000000e+00
1.282422780990600586e+00 1.641426324844360352e+00 0.000000000000000000e+00
1.301124095916748047e+00 1.726649880409240723e+00 0.000000000000000000e+00
1.301944255828857422e+00 1.791972517967224121e+00 0.000000000000000000e+00
1.300297737121582031e+00 1.857017636299133301e+00 0.000000000000000000e+00
1.521004676818847656e+00 2.254982233047485352e+00 0.000000000000000000e+00
1.542417764663696289e+00 2.375115156173706055e+00 0.000000000000000000e+00
1.537903785705566406e+00 2.559501647949218750e+00 0.000000000000000000e+00
1.516999959945678711e+00 2.627521038055419922e+00 0.000000000000000000e+00
7.263669967651367188e-01 3.146240949630737305e+00 0.000000000000000000e+00
6.705152392387390137e-01 3.154525995254516602e+00 0.000000000000000000e+00
6.102072000503540039e-01 3.139243602752685547e+00 0.000000000000000000e+00
5.610572695732116699e-01 3.181913852691650391e+00 0.000000000000000000e+00
5.010596513748168945e-01 3.163565874099731445e+00 0.000000000000000000e+00
4.453539550304412842e-01 3.168857812881469727e+00 0.000000000000000000e+00
3.885194957256317139e-01 3.164237022399902344e+00 0.000000000000000000e+00
3.342820703983306885e-01 3.180480957031250000e+00 0.000000000000000000e+00
2.768938243389129639e-01 3.164910554885864258e+00 0.000000000000000000e+00
2.211280614137649536e-01 3.162278175354003906e+00 0.000000000000000000e+00
1.653816699981689453e-01 3.155669450759887695e+00 0.000000000000000000e+00
1.106663420796394348e-01 3.169068336486816406e+00 0.000000000000000000e+00
5.630150437355041504e-02 3.225508689880371094e+00 0.000000000000000000e+00
3.893748612426861655e-08 3.200000047683715820e+00 0.000000000000000000e+00
-5.518446862697601318e-02 3.161518335342407227e+00 0.000000000000000000e+00
-3.454276323318481445e-01 2.457845449447631836e+00 0.000000000000000000e+00
-4.281610846519470215e-01 2.703303098678588867e+00 0.000000000000000000e+00
-1.621110081672668457e+00 1.738427877426147461e+00 0.000000000000000000e+00
-1.620637893676757812e+00 1.678219795227050781e+00 0.000000000000000000e+00
-1.628466844558715820e+00 1.628466963768005371e+00 0.000000000000000000e+00
-1.670307040214538574e+00 1.612996816635131836e+00 0.000000000000000000e+00
-1.685038805007934570e+00 1.571324229240417480e+00 0.000000000000000000e+00
-1.746390223503112793e+00 1.572456836700439453e+00 0.000000000000000000e+00
-1.774322271347045898e+00 1.542394876480102539e+00 0.000000000000000000e+00
-1.789479732513427734e+00 1.501551866531372070e+00 0.000000000000000000e+00
-1.803755879402160645e+00 1.460652709007263184e+00 0.000000000000000000e+00
-1.826609015464782715e+00 1.427103400230407715e+00 0.000000000000000000e+00
-1.883981108665466309e+00 1.419681668281555176e+00 0.000000000000000000e+00
-3.068758010864257812e+00 1.430985450744628906e+00 0.000000000000000000e+00
-3.333527088165283203e+00 7.085630893707275391e-01 0.000000000000000000e+00
-3.390540361404418945e+00 6.590543389320373535e-01 0.000000000000000000e+00
-1.747823119163513184e+00 2.456405609846115112e-01 0.000000000000000000e+00
-1.718097329139709473e+00 2.109558731317520142e-01 0.000000000000000000e+00
-1.721517324447631836e+00 1.809388101100921631e-01 0.000000000000000000e+00
-1.729393959045410156e+00 1.513024121522903442e-01 0.000000000000000000e+00
-1.686880826950073242e+00 1.179582327604293823e-01 0.000000000000000000e+00
-1.730625033378601074e+00 9.069825708866119385e-02 0.000000000000000000e+00
-1.832720756530761719e+00 3.199030458927154541e-02 0.000000000000000000e+00
-1.151895284652709961e+00 -1.235256433486938477e+00 0.000000000000000000e+00
-1.132169008255004883e+00 -1.257400989532470703e+00 0.000000000000000000e+00
-1.102835297584533691e+00 -1.268666744232177734e+00 0.000000000000000000e+00
-1.073455333709716797e+00 -1.279294133186340332e+00 0.000000000000000000e+00
-1.066698193550109863e+00 -1.317262411117553711e+00 0.000000000000000000e+00
-1.014610171318054199e+00 -1.298641681671142578e+00 0.000000000000000000e+00
-9.893839955329895020e-01 -1.312956809997558594e+00 0.000000000000000000e+00
-9.580900073051452637e-01 -1.318697690963745117e+00 0.000000000000000000e+00
-9.268996119499206543e-01 -1.323749661445617676e+00 0.000000000000000000e+00
-9.165172576904296875e-01 -1.358792543411254883e+00 0.000000000000000000e+00
-8.097167015075683594e-01 -1.295817494392395020e+00 0.000000000000000000e+00
-8.019143342971801758e-01 -1.334609508514404297e+00 0.000000000000000000e+00
-1.082493782043457031e+00 -2.974127054214477539e+00 0.000000000000000000e+00
-1.029772162437438965e+00 -2.990675210952758789e+00 0.000000000000000000e+00
-9.749487042427062988e-01 -3.000583171844482422e+00 0.000000000000000000e+00
-9.072294831275939941e-01 -2.967413663864135742e+00 0.000000000000000000e+00
-8.473092913627624512e-01 -2.954918384552001953e+00 0.000000000000000000e+00
-8.075155019760131836e-01 -3.013688325881958008e+00 0.000000000000000000e+00
-6.123000383377075195e-01 -2.880644559860229492e+00 0.000000000000000000e+00
-2.096880674362182617e-01 -2.998677492141723633e+00 0.000000000000000000e+00
-1.564846187829971313e-01 -2.985902309417724609e+00 0.000000000000000000e+00
-1.027093306183815002e-01 -2.941207170486450195e+00 0.000000000000000000e+00
-5.171158909797668457e-02 -2.962548732757568359e+00 0.000000000000000000e+00
-1.076134736877065734e-07 -2.947999954223632812e+00 0.000000000000000000e+00
5.165901407599449158e-02 -2.959549188613891602e+00 0.000000000000000000e+00
1.040003895759582520e-01 -2.978184700012207031e+00 0.000000000000000000e+00
1.641777902841567993e-01 -3.132700920104980469e+00 0.000000000000000000e+00
2.158264219760894775e-01 -3.086463212966918945e+00 0.000000000000000000e+00
7.477805018424987793e-01 -2.999184131622314453e+00 0.000000000000000000e+00
7.909508943557739258e-01 -2.951869249343872070e+00 0.000000000000000000e+00
8.417963385581970215e-01 -2.935693264007568359e+00 0.000000000000000000e+00
9.010894894599914551e-01 -2.947331190109252930e+00 0.000000000000000000e+00
9.598066806793212891e-01 -2.953981637954711914e+00 0.000000000000000000e+00
1.002098679542541504e+00 -2.910306215286254883e+00 0.000000000000000000e+00
1.081809639930725098e+00 -2.972247838973999023e+00 0.000000000000000000e+00
1.128142237663269043e+00 -2.938911199569702148e+00 0.000000000000000000e+00
1.499076485633850098e+00 -2.942103624343872070e+00 0.000000000000000000e+00
1.703499913215637207e+00 -2.950548648834228516e+00 0.000000000000000000e+00
1.671813488006591797e+00 -2.782365083694458008e+00 0.000000000000000000e+00
1.608304858207702637e+00 -2.573826074600219727e+00 0.000000000000000000e+00
1.623568773269653320e+00 -2.500077009201049805e+00 0.000000000000000000e+00
1.630047202110290527e+00 -2.416644573211669922e+00 0.000000000000000000e+00
1.659356474876403809e+00 -2.369806766510009766e+00 0.000000000000000000e+00
1.619936108589172363e+00 -2.229650974273681641e+00 0.000000000000000000e+00
1.635733127593994141e+00 -2.170691251754760742e+00 0.000000000000000000e+00
1.621652245521545410e+00 -2.075620412826538086e+00 0.000000000000000000e+00
1.621129274368286133e+00 -2.001928091049194336e+00 0.000000000000000000e+00
1.630109310150146484e+00 -1.942688822746276855e+00 0.000000000000000000e+00
1.611936926841735840e+00 -1.854321479797363281e+00 0.000000000000000000e+00
1.621303439140319824e+00 -1.800640106201171875e+00 0.000000000000000000e+00
1.609516024589538574e+00 -1.725994706153869629e+00 0.000000000000000000e+00
1.615080714225769043e+00 -1.672465085983276367e+00 0.000000000000000000e+00
1.613617658615112305e+00 -1.613617777824401855e+00 0.000000000000000000e+00
1.621391773223876953e+00 -1.565760016441345215e+00 0.000000000000000000e+00
1.628724575042724609e+00 -1.518810391426086426e+00 0.000000000000000000e+00
1.614110469818115234e+00 -1.453351736068725586e+00 0.000000000000000000e+00
1.616587877273559570e+00 -1.405278444290161133e+00 0.000000000000000000e+00
1.633206725120544434e+00 -1.370423197746276855e+00 0.000000000000000000e+00
1.634337782859802246e+00 -1.323460817337036133e+00 0.000000000000000000e+00
1.634334206581115723e+00 -1.276881933212280273e+00 0.000000000000000000e+00
1.608451843261718750e+00 -1.212055444717407227e+00 0.000000000000000000e+00
1.613988876342773438e+00 -1.172631621360778809e+00 0.000000000000000000e+00
1.622740149497985840e+00 -1.136254906654357910e+00 0.000000000000000000e+00
1.621597409248352051e+00 -1.093781352043151855e+00 0.000000000000000000e+00
1.627859473228454590e+00 -1.057144403457641602e+00 0.000000000000000000e+00
1.573129177093505859e+00 -9.830003380775451660e-01 0.000000000000000000e+00
1.611474514007568359e+00 -9.682716727256774902e-01 0.000000000000000000e+00
1.632457852363586426e+00 -9.425000548362731934e-01 0.000000000000000000e+00
1.593557119369506836e+00 -8.833231925964355469e-01 0.000000000000000000e+00
1.629921197891235352e+00 -8.666445612907409668e-01 0.000000000000000000e+00
1.637670040130615234e+00 -8.344346284866333008e-01 0.000000000000000000e+00
1.634007453918457031e+00 -7.969588041305541992e-01 0.000000000000000000e+00
1.638604402542114258e+00 -7.640938758850097656e-01 0.000000000000000000e+00
1.657171487808227539e+00 -7.378203272819519043e-01 0.000000000000000000e+00
1.644942045211791992e+00 -6.982365846633911133e-01 0.000000000000000000e+00
1.635552287101745605e+00 -6.608061194419860840e-01 0.000000000000000000e+00
1.669241786003112793e+00 -6.407619714736938477e-01 0.000000000000000000e+00
1.671713232994079590e+00 -6.084539294242858887e-01 0.000000000000000000e+00
1.622509837150573730e+00 -5.586749911308288574e-01 0.000000000000000000e+00
1.648180961608886719e+00 -5.355265140533447266e-01 0.000000000000000000e+00
1.667795419692993164e+00 -5.098963379859924316e-01 0.000000000000000000e+00
1.642796158790588379e+00 -4.710643291473388672e-01 0.000000000000000000e+00
1.589913964271545410e+00 -4.260162413120269775e-01 0.000000000000000000e+00
1.569938540458679199e+00 -3.914297223091125488e-01 0.000000000000000000e+00
1.664224028587341309e+00 -3.842164576053619385e-01 0.000000000000000000e+00
1.615899801254272461e+00 -3.434701859951019287e-01 0.000000000000000000e+00
1.591217756271362305e+00 -3.093014657497406006e-01 0.000000000000000000e+00
1.610160708427429199e+00 -2.839148342609405518e-01 0.000000000000000000e+00
1.626722693443298340e+00 -2.576476335525512695e-01 0.000000000000000000e+00
1.601263403892517090e+00 -2.250429838895797729e-01 0.000000000000000000e+00
1.616857647895812988e+00 -1.985252350568771362e-01 0.000000000000000000e+00
1.604163885116577148e+00 -1.686044931411743164e-01 0.000000000000000000e+00
1.594907641410827637e+00 -1.395364105701446533e-01 0.000000000000000000e+00
1.611065983772277832e+00 -1.126567795872688293e-01 0.000000000000000000e+00
1.602800369262695312e+00 -8.399929106235504150e-02 0.000000000000000000e+00
1.601024150848388672e+00 -5.590907111763954163e-02 0.000000000000000000e+00
1.581759095191955566e+00 -2.760978415608406067e-02 0.000000000000000000e+00
