-1.832508802413940430e+00 -1.897618293762207031e+00 0.000000000000000000e+00
-1.778651833534240723e+00 -1.907370448112487793e+00 0.000000000000000000e+00
-1.700260877609252930e+00 -1.888330817222595215e+00 0.000000000000000000e+00
-1.648676395416259766e+00 -1.896585106849670410e+00 0.000000000000000000e+00
-1.599898457527160645e+00 -1.906684637069702148e+00 0.000000000000000000e+00
-1.560714602470397949e+00 -1.927321910858154297e+00 0.000000000000000000e+00
-1.475740671157836914e+00 -1.888861775398254395e+00 0.000000000000000000e+00
-1.075070261955261230e+00 -3.308725595474243164e+00 0.000000000000000000e+00
-1.008682489395141602e+00 -3.299251317977905273e+00 0.000000000000000000e+00
8.430976271629333496e-01 -3.381480455398559570e+00 0.000000000000000000e+00
