1.682999968528747559e+00 0.000000000000000000e+00 0.000000000000000000e+00
1.702740550041198730e+00 2.972144633531570435e-02 0.000000000000000000e+00
1.705960154533386230e+00 5.957344174385070801e-02 0.000000000000000000e+00
1.686685323715209961e+00 8.839543163776397705e-02 0.000000000000000000e+00
1.719800353050231934e+00 1.202601566910743713e-01 0.000000000000000000e+00
1.703492999076843262e+00 1.490363180637359619e-01 0.000000000000000000e+00
1.711572170257568359e+00 1.798934787511825562e-01 0.000000000000000000e+00
1.720082521438598633e+00 2.111995816230773926e-01 0.000000000000000000e+00
1.717124819755554199e+00 2.413261532783508301e-01 0.000000000000000000e+00
1.707713127136230469e+00 2.704751789569854736e-01 0.000000000000000000e+00
1.730307221412658691e+00 3.050998449325561523e-01 0.000000000000000000e+00
1.737480044364929199e+00 3.377319276332855225e-01 0.000000000000000000e+00
1.725452423095703125e+00 3.667562305927276611e-01 0.000000000000000000e+00
1.726583719253540039e+00 3.986132442951202393e-01 0.000000000000000000e+00
1.745562076568603516e+00 4.352174997329711914e-01 0.000000000000000000e+00
1.765712380409240723e+00 4.731211960315704346e-01 0.000000000000000000e+00
1.756225109100341797e+00 5.035894513130187988e-01 0.000000000000000000e+00
1.756731867790222168e+00 5.370868444442749023e-01 0.000000000000000000e+00
1.753748178482055664e+00 5.698273181915283203e-01 0.000000000000000000e+00
1.760555624961853027e+00 6.062079071998596191e-01 0.000000000000000000e+00
1.782596826553344727e+00 6.488121747970581055e-01 0.000000000000000000e+00
1.799009561538696289e+00 6.905750632286071777e-01 0.000000000000000000e+00
1.804299712181091309e+00 7.289844155311584473e-01 0.000000000000000000e+00
1.792222976684570312e+00 7.607535123825073242e-01 0.000000000000000000e+00
1.813387751579284668e+00 8.073722124099731445e-01 0.000000000000000000e+00
1.811709284782409668e+00 8.448138833045959473e-01 0.000000000000000000e+00
1.805677294731140137e+00 8.806876540184020996e-01 0.000000000000000000e+00
1.827454447746276855e+00 9.311345815658569336e-01 0.000000000000000000e+00
1.772958636283874512e+00 9.426988363265991211e-01 0.000000000000000000e+00
1.822707533836364746e+00 1.010343313217163086e+00 0.000000000000000000e+00
1.790940642356872559e+00 1.034000039100646973e+00 0.000000000000000000e+00
1.732335090637207031e+00 1.040891885757446289e+00 0.000000000000000000e+00
1.682527422904968262e+00 1.051359772682189941e+00 0.000000000000000000e+00
1.631214261054992676e+00 1.059322953224182129e+00 0.000000000000000000e+00
1.590094089508056641e+00 1.072531938552856445e+00 0.000000000000000000e+00
1.507239818572998047e+00 1.055380702018737793e+00 0.000000000000000000e+00
1.546840429306030273e+00 1.123845338821411133e+00 0.000000000000000000e+00
1.544561147689819336e+00 1.163910269737243652e+00 0.000000000000000000e+00
1.561837315559387207e+00 1.220241069793701172e+00 0.000000000000000000e+00
1.544966220855712891e+00 1.251088976860046387e+00 0.000000000000000000e+00
1.567326903343200684e+00 1.315143465995788574e+00 0.000000000000000000e+00
1.551682949066162109e+00 1.348857402801513672e+00 0.000000000000000000e+00
1.555402040481567383e+00 1.400490283966064453e+00 0.000000000000000000e+00
1.580455422401428223e+00 1.473798513412475586e+00 0.000000000000000000e+00
1.585424900054931641e+00 1.531027078628540039e+00 0.000000000000000000e+00
1.579676508903503418e+00 1.579676508903503418e+00 0.000000000000000000e+00
1.567843914031982422e+00 1.623549938201904297e+00 0.000000000000000000e+00
1.565868258476257324e+00 1.679188132286071777e+00 0.000000000000000000e+00
1.774534344673156738e+00 1.970820069313049316e+00 0.000000000000000000e+00
1.890762090682983398e+00 2.175072908401489258e+00 0.000000000000000000e+00
2.013853549957275391e+00 2.400017261505126953e+00 0.000000000000000000e+00
1.914392709732055664e+00 2.364078044891357422e+00 0.000000000000000000e+00
1.919016957283020020e+00 2.456229686737060547e+00 0.000000000000000000e+00
1.190856695175170898e+00 3.102287769317626953e+00 0.000000000000000000e+00
1.094234585762023926e+00 3.177887916564941406e+00 0.000000000000000000e+00
1.030262708663940430e+00 3.170822620391845703e+00 0.000000000000000000e+00
9.610258340835571289e-01 3.143373727798461914e+00 0.000000000000000000e+00
9.093276858329772949e-01 3.171202421188354492e+00 0.000000000000000000e+00
8.471147418022155762e-01 3.161475181579589844e+00 0.000000000000000000e+00
7.876977324485778809e-01 3.159282922744750977e+00 0.000000000000000000e+00
7.529112100601196289e-01 3.261216402053833008e+00 0.000000000000000000e+00
6.875639557838439941e-01 3.234734058380126953e+00 0.000000000000000000e+00
6.210833191871643066e-01 3.195196628570556641e+00 0.000000000000000000e+00
5.733863115310668945e-01 3.251835346221923828e+00 0.000000000000000000e+00
5.060654878616333008e-01 3.195171594619750977e+00 0.000000000000000000e+00
4.823740124702453613e-01 3.432269096374511719e+00 0.000000000000000000e+00
3.947348594665527344e-01 3.214857101440429688e+00 0.000000000000000000e+00
3.368952870368957520e-01 3.205344200134277344e+00 0.000000000000000000e+00
2.826461195945739746e-01 3.230659484863281250e+00 0.000000000000000000e+00
2.289407849311828613e-01 3.274005174636840820e+00 0.000000000000000000e+00
1.689928472042083740e-01 3.224574804306030273e+00 0.000000000000000000e+00
1.189375221729278564e-01 3.405923843383789062e+00 0.000000000000000000e+00
5.689488351345062256e-02 3.259503364562988281e+00 0.000000000000000000e+00
3.914434287821677572e-08 3.217000007629394531e+00 0.000000000000000000e+00
-5.610944703221321106e-02 3.214510202407836914e+00 0.000000000000000000e+00
-1.135280206799507141e-01 3.251018285751342773e+00 0.000000000000000000e+00
-1.709291934967041016e-01 3.261524200439453125e+00 0.000000000000000000e+00
-2.267085015773773193e-01 3.242083072662353516e+00 0.000000000000000000e+00
-3.013845086097717285e-01 3.444841146469116211e+00 0.000000000000000000e+00
-3.513201177120208740e-01 3.342588186264038086e+00 0.000000000000000000e+00
-4.022906720638275146e-01 3.276395082473754883e+00 0.000000000000000000e+00
-4.678999185562133789e-01 3.329281330108642578e+00 0.000000000000000000e+00
-5.218653082847595215e-01 3.294928312301635742e+00 0.000000000000000000e+00
-5.862361788749694824e-01 3.324710845947265625e+00 0.000000000000000000e+00
-6.453159451484680176e-01 3.319863080978393555e+00 0.000000000000000000e+00
-7.035731077194213867e-01 3.310051441192626953e+00 0.000000000000000000e+00
-8.300339579582214355e-01 3.329084634780883789e+00 0.000000000000000000e+00
-8.957726359367370605e-01 3.343069314956665039e+00 0.000000000000000000e+00
-9.603204727172851562e-01 3.349035739898681641e+00 0.000000000000000000e+00
-1.283464431762695312e+00 2.053972482681274414e+00 0.000000000000000000e+00
-1.211308956146240234e+00 -1.052974700927734375e+00 0.000000000000000000e+00
-1.194233775138854980e+00 -1.075292825698852539e+00 0.000000000000000000e+00
-1.170166015625000000e+00 -1.091197371482849121e+00 0.000000000000000000e+00
-1.125047445297241211e+00 -1.086445689201354980e+00 0.000000000000000000e+00
-1.115107417106628418e+00 -1.115107417106628418e+00 0.000000000000000000e+00
-1.076025843620300293e+00 -1.114257335662841797e+00 0.000000000000000000e+00
-1.055733442306518555e+00 -1.132135510444641113e+00 0.000000000000000000e+00
-1.005034208297729492e+00 -1.116203427314758301e+00 0.000000000000000000e+00
-9.458686113357543945e-01 -1.168050408363342285e+00 0.000000000000000000e+00
-1.055132269859313965e+00 -2.898951768875122070e+00 0.000000000000000000e+00
-8.920568227767944336e-01 -2.590720891952514648e+00 0.000000000000000000e+00
-4.625768065452575684e-01 -2.920594453811645508e+00 0.000000000000000000e+00
-4.088906645774841309e-01 -2.909407615661621094e+00 0.000000000000000000e+00
-3.596365451812744141e-01 -2.929003715515136719e+00 0.000000000000000000e+00
-3.111813366413116455e-01 -2.960691690444946289e+00 0.000000000000000000e+00
-2.575453221797943115e-01 -2.943755149841308594e+00 0.000000000000000000e+00
-2.058514654636383057e-01 -2.943811416625976562e+00 0.000000000000000000e+00
-1.534491181373596191e-01 -2.927981615066528320e+00 0.000000000000000000e+00
-1.040006056427955627e-01 -2.978184700012207031e+00 0.000000000000000000e+00
-5.228751897811889648e-02 -2.995543718338012695e+00 0.000000000000000000e+00
5.032495260238647461e-01 -3.177393436431884766e+00 0.000000000000000000e+00
5.261538624763488770e-01 -2.983967542648315430e+00 0.000000000000000000e+00
5.794867873191833496e-01 -2.981201648712158203e+00 0.000000000000000000e+00
6.341305375099182129e-01 -2.983350276947021484e+00 0.000000000000000000e+00
6.896998286247253418e-01 -2.987418651580810547e+00 0.000000000000000000e+00
7.635053396224975586e-01 -3.062253236770629883e+00 0.000000000000000000e+00
8.095858693122863770e-01 -3.021415948867797852e+00 0.000000000000000000e+00
8.715651631355285645e-01 -3.039509534835815430e+00 0.000000000000000000e+00
1.335518836975097656e+00 -3.146285533905029297e+00 0.000000000000000000e+00
1.367041707038879395e+00 -3.070426464080810547e+00 0.000000000000000000e+00
1.368015170097351074e+00 -2.933718442916870117e+00 0.000000000000000000e+00
1.494845509529113770e+00 -3.064887762069702148e+00 0.000000000000000000e+00
1.383762955665588379e+00 -2.715788125991821289e+00 0.000000000000000000e+00
1.405128240585327148e+00 -2.642662286758422852e+00 0.000000000000000000e+00
1.408371806144714355e+00 -2.540770292282104492e+00 0.000000000000000000e+00
1.416999936103820801e+00 -2.454316139221191406e+00 0.000000000000000000e+00
1.448287010192871094e+00 -2.410354614257812500e+00 0.000000000000000000e+00
1.422833085060119629e+00 -2.277009248733520508e+00 0.000000000000000000e+00
1.441114783287048340e+00 -2.219122409820556641e+00 0.000000000000000000e+00
1.445513606071472168e+00 -2.143062114715576172e+00 0.000000000000000000e+00
1.466634869575500488e+00 -2.094571828842163086e+00 0.000000000000000000e+00
1.450653910636901855e+00 -1.996653914451599121e+00 0.000000000000000000e+00
1.458197832107543945e+00 -1.935093998908996582e+00 0.000000000000000000e+00
1.470199584960937500e+00 -1.881769776344299316e+00 0.000000000000000000e+00
1.488342642784118652e+00 -1.837950229644775391e+00 0.000000000000000000e+00
1.496409535408020020e+00 -1.783351540565490723e+00 0.000000000000000000e+00
1.510903835296630859e+00 -1.738096237182617188e+00 0.000000000000000000e+00
1.514911532402038574e+00 -1.682479858398437500e+00 0.000000000000000000e+00
1.521538257598876953e+00 -1.631650090217590332e+00 0.000000000000000000e+00
1.531721591949462891e+00 -1.586144328117370605e+00 0.000000000000000000e+00
1.537250041961669922e+00 -1.537250280380249023e+00 0.000000000000000000e+00
1.552335262298583984e+00 -1.499072790145874023e+00 0.000000000000000000e+00
1.570947647094726562e+00 -1.464932560920715332e+00 0.000000000000000000e+00
1.525676250457763672e+00 -1.373725175857543945e+00 0.000000000000000000e+00
1.547154545783996582e+00 -1.344920992851257324e+00 0.000000000000000000e+00
1.510639548301696777e+00 -1.267577290534973145e+00 0.000000000000000000e+00
1.583046197891235352e+00 -1.281925678253173828e+00 0.000000000000000000e+00
1.589417576789855957e+00 -1.241789221763610840e+00 0.000000000000000000e+00
1.566922783851623535e+00 -1.180761098861694336e+00 0.000000000000000000e+00
1.563829779624938965e+00 -1.136188983917236328e+00 0.000000000000000000e+00
1.586697459220886230e+00 -1.111017704010009766e+00 0.000000000000000000e+00
1.615794181823730469e+00 -1.089866995811462402e+00 0.000000000000000000e+00
1.614440798759460449e+00 -1.048430204391479492e+00 0.000000000000000000e+00
1.551079869270324707e+00 -9.692224264144897461e-01 0.000000000000000000e+00
1.606331467628479004e+00 -9.651814103126525879e-01 0.000000000000000000e+00
1.594352722167968750e+00 -9.205000400543212891e-01 0.000000000000000000e+00
1.604927182197570801e+00 -8.896257281303405762e-01 0.000000000000000000e+00
1.608730554580688477e+00 -8.553772568702697754e-01 0.000000000000000000e+00
1.613612771034240723e+00 -8.221768736839294434e-01 0.000000000000000000e+00
1.646590709686279297e+00 -8.030959963798522949e-01 0.000000000000000000e+00
1.651292800903320312e+00 -7.700105309486389160e-01 0.000000000000000000e+00
1.608753561973571777e+00 -7.162632942199707031e-01 0.000000000000000000e+00
1.609042525291442871e+00 -6.829981207847595215e-01 0.000000000000000000e+00
1.637406706809997559e+00 -6.615553498268127441e-01 0.000000000000000000e+00
1.648702979087829590e+00 -6.328778862953186035e-01 0.000000000000000000e+00
1.622849106788635254e+00 -5.906688570976257324e-01 0.000000000000000000e+00
1.634801506996154785e+00 -5.629073977470397949e-01 0.000000000000000000e+00
1.661495685577392578e+00 -5.398527383804321289e-01 0.000000000000000000e+00
1.673533320426940918e+00 -5.116505622863769531e-01 0.000000000000000000e+00
1.638951182365417480e+00 -4.699617922306060791e-01 0.000000000000000000e+00
1.660426497459411621e+00 -4.449100196361541748e-01 0.000000000000000000e+00
1.660175919532775879e+00 -4.139284193515777588e-01 0.000000000000000000e+00
1.625249266624450684e+00 -3.752184212207794189e-01 0.000000000000000000e+00
1.665785312652587891e+00 -3.540736734867095947e-01 0.000000000000000000e+00
1.672692656517028809e+00 -3.251385986804962158e-01 0.000000000000000000e+00
1.660385847091674805e+00 -2.927708923816680908e-01 0.000000000000000000e+00
1.664254784584045410e+00 -2.635921537876129150e-01 0.000000000000000000e+00
1.659689307212829590e+00 -2.332541942596435547e-01 0.000000000000000000e+00
1.660529732704162598e+00 -2.038874924182891846e-01 0.000000000000000000e+00
1.666818737983703613e+00 -1.751897782087326050e-01 0.000000000000000000e+00
1.663645148277282715e+00 -1.455501616001129150e-01 0.000000000000000000e+00
1.690871119499206543e+00 -1.182373091578483582e-01 0.000000000000000000e+00
1.688682556152343750e+00 -8.850017935037612915e-02 0.000000000000000000e+00
1.684972882270812988e+00 -5.884063243865966797e-02 0.000000000000000000e+00
1.692742109298706055e+00 -2.954700589179992676e-02 0.000000000000000000e+00
