1.593999981880187988e+00 0.000000000000000000e+00 0.000000000000000000e+00
1.601755976676940918e+00 2.795875445008277893e-02 0.000000000000000000e+00
1.642998576164245605e+00 5.737477540969848633e-02 0.000000000000000000e+00
1.656726479530334473e+00 8.682535588741302490e-02 0.000000000000000000e+00
1.623036742210388184e+00 1.134937778115272522e-01 0.000000000000000000e+00
1.561037182807922363e+00 1.365730464458465576e-01 0.000000000000000000e+00
1.611125469207763672e+00 1.693361103534698486e-01 0.000000000000000000e+00
1.623805522918701172e+00 1.993782520294189453e-01 0.000000000000000000e+00
1.594331622123718262e+00 2.240686863660812378e-01 0.000000000000000000e+00
1.586227416992187500e+00 2.512337267398834229e-01 0.000000000000000000e+00
1.587510108947753906e+00 2.799208462238311768e-01 0.000000000000000000e+00
1.594162464141845703e+00 3.098737895488739014e-01 0.000000000000000000e+00
1.586555361747741699e+00 3.372327685356140137e-01 0.000000000000000000e+00
1.570684552192687988e+00 3.626210987567901611e-01 0.000000000000000000e+00
1.569938540458679199e+00 3.914296329021453857e-01 0.000000000000000000e+00
1.582186460494995117e+00 4.239456057548522949e-01 0.000000000000000000e+00
1.558205246925354004e+00 4.468081593513488770e-01 0.000000000000000000e+00
1.571208715438842773e+00 4.803667068481445312e-01 0.000000000000000000e+00
1.568292260169982910e+00 5.095690488815307617e-01 0.000000000000000000e+00
1.572397351264953613e+00 5.414198040962219238e-01 0.000000000000000000e+00
1.575864553451538086e+00 5.735678076744079590e-01 0.000000000000000000e+00
1.570282340049743652e+00 6.027749180793762207e-01 0.000000000000000000e+00
1.573431015014648438e+00 6.357073783874511719e-01 0.000000000000000000e+00
1.583268404006958008e+00 6.720575690269470215e-01 0.000000000000000000e+00
1.580433607101440430e+00 7.036544084548950195e-01 0.000000000000000000e+00
1.594195365905761719e+00 7.433854937553405762e-01 0.000000000000000000e+00
1.581877470016479492e+00 7.715331912040710449e-01 0.000000000000000000e+00
1.583318591117858887e+00 8.067411184310913086e-01 0.000000000000000000e+00
1.588422775268554688e+00 8.445793390274047852e-01 0.000000000000000000e+00
1.577813982963562012e+00 8.745965361595153809e-01 0.000000000000000000e+00
1.579630374908447266e+00 9.120000004768371582e-01 0.000000000000000000e+00
1.569473266601562500e+00 9.430347084999084473e-01 0.000000000000000000e+00
1.580761671066284180e+00 9.877694845199584961e-01 0.000000000000000000e+00
1.577539324760437012e+00 1.024466037750244141e+00 0.000000000000000000e+00
1.580145597457885742e+00 1.065821647644042969e+00 0.000000000000000000e+00
1.592431545257568359e+00 1.115032553672790527e+00 0.000000000000000000e+00
1.562211871147155762e+00 1.135013341903686523e+00 0.000000000000000000e+00
1.554144740104675293e+00 1.171131968498229980e+00 0.000000000000000000e+00
1.535833001136779785e+00 1.199924230575561523e+00 0.000000000000000000e+00
1.469583034515380859e+00 1.190044879913330078e+00 0.000000000000000000e+00
1.407989740371704102e+00 1.181443691253662109e+00 0.000000000000000000e+00
1.360741376876831055e+00 1.182874441146850586e+00 0.000000000000000000e+00
1.313880085945129395e+00 1.183022856712341309e+00 0.000000000000000000e+00
1.293033361434936523e+00 1.205773115158081055e+00 0.000000000000000000e+00
1.293372988700866699e+00 1.248995780944824219e+00 0.000000000000000000e+00
1.290469884872436523e+00 1.290469884872436523e+00 0.000000000000000000e+00
1.289285898208618164e+00 1.335094571113586426e+00 0.000000000000000000e+00
1.293068885803222656e+00 1.386646628379821777e+00 0.000000000000000000e+00
1.294767737388610840e+00 1.437985181808471680e+00 0.000000000000000000e+00
1.290468096733093262e+00 1.484513759613037109e+00 0.000000000000000000e+00
1.275933384895324707e+00 1.520598173141479492e+00 0.000000000000000000e+00
1.274373888969421387e+00 1.573720693588256836e+00 0.000000000000000000e+00
1.270725250244140625e+00 1.626454114913940430e+00 0.000000000000000000e+00
1.286078810691833496e+00 1.706684112548828125e+00 0.000000000000000000e+00
1.293715357780456543e+00 1.780646324157714844e+00 0.000000000000000000e+00
1.284237742424011230e+00 1.834081530570983887e+00 0.000000000000000000e+00
1.346536517143249512e+00 1.996322512626647949e+00 0.000000000000000000e+00
1.515185832977294922e+00 2.333181619644165039e+00 0.000000000000000000e+00
1.508546471595764160e+00 2.510643005371093750e+00 0.000000000000000000e+00
1.521000027656555176e+00 2.634449243545532227e+00 0.000000000000000000e+00
1.176264762878417969e+00 2.911357402801513672e+00 0.000000000000000000e+00
7.488620877265930176e-01 3.243677854537963867e+00 0.000000000000000000e+00
6.757130026817321777e-01 3.178979635238647461e+00 0.000000000000000000e+00
6.220373511314392090e-01 3.200104713439941406e+00 0.000000000000000000e+00
5.860626101493835449e-01 3.323726177215576172e+00 0.000000000000000000e+00
5.207703709602355957e-01 3.288014411926269531e+00 0.000000000000000000e+00
3.564223647117614746e-01 2.536076545715332031e+00 0.000000000000000000e+00
3.942473530769348145e-01 3.210886716842651367e+00 0.000000000000000000e+00
2.794046103954315186e-01 2.658357143402099609e+00 0.000000000000000000e+00
2.292196452617645264e-01 2.619992256164550781e+00 0.000000000000000000e+00
1.796927005052566528e-01 2.569725036621093750e+00 0.000000000000000000e+00
1.344511061906814575e-01 2.565479278564453125e+00 0.000000000000000000e+00
9.011053293943405151e-02 2.580427169799804688e+00 0.000000000000000000e+00
4.424188286066055298e-02 2.534614086151123047e+00 0.000000000000000000e+00
3.007920668096630834e-08 2.471999883651733398e+00 0.000000000000000000e+00
-4.377060383558273315e-02 2.507617950439453125e+00 0.000000000000000000e+00
-1.097588762640953064e-01 3.143084049224853516e+00 0.000000000000000000e+00
-1.640731841325759888e-01 3.130703687667846680e+00 0.000000000000000000e+00
-2.248250842094421387e-01 3.215148925781250000e+00 0.000000000000000000e+00
-2.754992544651031494e-01 3.148971557617187500e+00 0.000000000000000000e+00
-3.376269042491912842e-01 3.212305784225463867e+00 0.000000000000000000e+00
-3.864476382732391357e-01 3.147363901138305664e+00 0.000000000000000000e+00
-4.364467859268188477e-01 3.105480670928955078e+00 0.000000000000000000e+00
-5.054396986961364746e-01 3.191220998764038086e+00 0.000000000000000000e+00
-5.511592626571655273e-01 3.125779867172241211e+00 0.000000000000000000e+00
-1.484075903892517090e+00 1.969435214996337891e+00 0.000000000000000000e+00
-1.488669395446777344e+00 1.905410051345825195e+00 0.000000000000000000e+00
-1.485195994377136230e+00 1.834064364433288574e+00 0.000000000000000000e+00
-1.493195533752441406e+00 1.779521226882934570e+00 0.000000000000000000e+00
-1.501063108444213867e+00 1.726775646209716797e+00 0.000000000000000000e+00
-1.522272109985351562e+00 1.690654635429382324e+00 0.000000000000000000e+00
-1.551546335220336914e+00 1.663829803466796875e+00 0.000000000000000000e+00
-1.596324920654296875e+00 1.653042912483215332e+00 0.000000000000000000e+00
-1.651801347732543945e+00 1.651801466941833496e+00 0.000000000000000000e+00
-3.131398439407348633e+00 1.527285099029541016e+00 0.000000000000000000e+00
-3.119511365890502930e+00 1.454652070999145508e+00 0.000000000000000000e+00
-3.358648300170898438e+00 9.630770087242126465e-01 0.000000000000000000e+00
-3.322741508483886719e+00 5.858890414237976074e-01 0.000000000000000000e+00
-1.732969164848327637e+00 2.435529679059982300e-01 0.000000000000000000e+00
-1.653581857681274414e+00 2.030343711376190186e-01 0.000000000000000000e+00
-1.731462717056274414e+00 1.819840967655181885e-01 0.000000000000000000e+00
-1.743340730667114258e+00 1.525225937366485596e-01 0.000000000000000000e+00
-1.661941766738891602e+00 1.162143275141716003e-01 0.000000000000000000e+00
-1.690679788589477539e+00 8.860481530427932739e-02 0.000000000000000000e+00
-1.944814562797546387e+00 6.791446357965469360e-02 0.000000000000000000e+00
-1.654000043869018555e+00 4.025162780862956424e-08 0.000000000000000000e+00
-1.185313224792480469e+00 -1.271092772483825684e+00 0.000000000000000000e+00
-1.138191223144531250e+00 -1.264089345932006836e+00 0.000000000000000000e+00
-1.103491306304931641e+00 -1.269421458244323730e+00 0.000000000000000000e+00
-1.070241332054138184e+00 -1.275463938713073730e+00 0.000000000000000000e+00
-1.063551545143127441e+00 -1.313376665115356445e+00 0.000000000000000000e+00
-1.004759550094604492e+00 -1.286033511161804199e+00 0.000000000000000000e+00
-9.809585213661193848e-01 -1.301775813102722168e+00 0.000000000000000000e+00
-9.122427701950073242e-01 -1.255594372749328613e+00 0.000000000000000000e+00
-9.160016179084777832e-01 -1.308185815811157227e+00 0.000000000000000000e+00
-8.997414112091064453e-01 -1.333921432495117188e+00 0.000000000000000000e+00
-8.736010193824768066e-01 -1.345227599143981934e+00 0.000000000000000000e+00
-8.563495874404907227e-01 -1.370445728302001953e+00 0.000000000000000000e+00
-8.137602210044860840e-01 -1.354324340820312500e+00 0.000000000000000000e+00
-8.040000796318054199e-01 -1.392568826675415039e+00 0.000000000000000000e+00
-1.098910808563232422e+00 -3.019232511520385742e+00 0.000000000000000000e+00
-1.063956737518310547e+00 -3.089954614639282227e+00 0.000000000000000000e+00
-9.907085895538330078e-01 -3.049087285995483398e+00 0.000000000000000000e+00
-9.083990454673767090e-01 -2.971238851547241211e+00 0.000000000000000000e+00
-8.572322726249694824e-01 -2.989523649215698242e+00 0.000000000000000000e+00
-8.020803332328796387e-01 -2.993404150009155273e+00 0.000000000000000000e+00
-7.480226159095764160e-01 -3.000154256820678711e+00 0.000000000000000000e+00
-6.609063148498535156e-01 -2.862699270248413086e+00 0.000000000000000000e+00
-5.925483703613281250e-01 -2.787720441818237305e+00 0.000000000000000000e+00
-2.125480771064758301e-01 -3.039577484130859375e+00 0.000000000000000000e+00
-1.558565795421600342e-01 -2.973918676376342773e+00 0.000000000000000000e+00
-1.034073159098625183e-01 -2.961194992065429688e+00 0.000000000000000000e+00
-5.176394805312156677e-02 -2.965548276901245117e+00 0.000000000000000000e+00
-1.096942057188243780e-07 -3.005000114440917969e+00 0.000000000000000000e+00
5.193825438618659973e-02 -2.975546836853027344e+00 0.000000000000000000e+00
1.040352880954742432e-01 -2.979183912277221680e+00 0.000000000000000000e+00
1.557517051696777344e-01 -2.971921682357788086e+00 0.000000000000000000e+00
2.055024653673171997e-01 -2.938823699951171875e+00 0.000000000000000000e+00
5.834938287734985352e-01 -3.001816034317016602e+00 0.000000000000000000e+00
7.274590134620666504e-01 -2.917679309844970703e+00 0.000000000000000000e+00
7.950919866561889648e-01 -2.967324256896972656e+00 0.000000000000000000e+00
8.448284268379211426e-01 -2.946267127990722656e+00 0.000000000000000000e+00
8.972886204719543457e-01 -2.934899330139160156e+00 0.000000000000000000e+00
9.554804563522338867e-01 -2.940666675567626953e+00 0.000000000000000000e+00
1.018051505088806152e+00 -2.956636667251586914e+00 0.000000000000000000e+00
1.064708590507507324e+00 -2.925263166427612305e+00 0.000000000000000000e+00
1.120258092880249023e+00 -2.918372392654418945e+00 0.000000000000000000e+00
1.528585910797119141e+00 -3.000019073486328125e+00 0.000000000000000000e+00
1.611695766448974609e+00 -3.031159162521362305e+00 0.000000000000000000e+00
1.718499898910522461e+00 -2.976529359817504883e+00 0.000000000000000000e+00
1.690354824066162109e+00 -2.813223123550415039e+00 0.000000000000000000e+00
1.813383579254150391e+00 -2.902020692825317383e+00 0.000000000000000000e+00
1.662238240242004395e+00 -2.559622764587402344e+00 0.000000000000000000e+00
1.658006787300109863e+00 -2.458096504211425781e+00 0.000000000000000000e+00
1.686314702033996582e+00 -2.408307075500488281e+00 0.000000000000000000e+00
1.629928469657897949e+00 -2.243404150009155273e+00 0.000000000000000000e+00
1.649574875831604004e+00 -2.189059972763061523e+00 0.000000000000000000e+00
1.625961899757385254e+00 -2.081136465072631836e+00 0.000000000000000000e+00
1.625534415245056152e+00 -2.007368087768554688e+00 0.000000000000000000e+00
1.619181990623474121e+00 -1.929666042327880859e+00 0.000000000000000000e+00
1.599471807479858398e+00 -1.839982032775878906e+00 0.000000000000000000e+00
1.587177753448486328e+00 -1.762739539146423340e+00 0.000000000000000000e+00
1.610880017280578613e+00 -1.727457523345947266e+00 0.000000000000000000e+00
1.615775227546691895e+00 -1.673184394836425781e+00 0.000000000000000000e+00
1.610789299011230469e+00 -1.610789418220520020e+00 0.000000000000000000e+00
1.630743265151977539e+00 -1.574790596961975098e+00 0.000000000000000000e+00
1.620679855346679688e+00 -1.511308431625366211e+00 0.000000000000000000e+00
1.640863656997680664e+00 -1.477440357208251953e+00 0.000000000000000000e+00
1.633191466331481934e+00 -1.419711828231811523e+00 0.000000000000000000e+00
1.622482061386108398e+00 -1.361424207687377930e+00 0.000000000000000000e+00
1.642109274864196777e+00 -1.329753994941711426e+00 0.000000000000000000e+00
1.633546233177185059e+00 -1.276266336441040039e+00 0.000000000000000000e+00
1.573311924934387207e+00 -1.185575723648071289e+00 0.000000000000000000e+00
1.652821660041809082e+00 -1.200845360755920410e+00 0.000000000000000000e+00
1.609633803367614746e+00 -1.127077817916870117e+00 0.000000000000000000e+00
1.634032964706420898e+00 -1.102169275283813477e+00 0.000000000000000000e+00
1.619472861289978027e+00 -1.051698088645935059e+00 0.000000000000000000e+00
1.624860167503356934e+00 -1.015325427055358887e+00 0.000000000000000000e+00
1.616617560386657715e+00 -9.713618755340576172e-01 0.000000000000000000e+00
1.618601441383361816e+00 -9.345000386238098145e-01 0.000000000000000000e+00
1.630291104316711426e+00 -9.036852121353149414e-01 0.000000000000000000e+00
1.609613418579101562e+00 -8.558467030525207520e-01 0.000000000000000000e+00
1.615394711494445801e+00 -8.230848312377929688e-01 0.000000000000000000e+00
1.607043743133544922e+00 -7.838076949119567871e-01 0.000000000000000000e+00
1.618665695190429688e+00 -7.547962665557861328e-01 0.000000000000000000e+00
1.626110911369323730e+00 -7.239912748336791992e-01 0.000000000000000000e+00
1.598916888236999512e+00 -6.787000298500061035e-01 0.000000000000000000e+00
1.611445546150207520e+00 -6.510663628578186035e-01 0.000000000000000000e+00
1.627230644226074219e+00 -6.246353983879089355e-01 0.000000000000000000e+00
1.614391922950744629e+00 -5.875906944274902344e-01 0.000000000000000000e+00
1.598871827125549316e+00 -5.505357980728149414e-01 0.000000000000000000e+00
1.616796135902404785e+00 -5.253289937973022461e-01 0.000000000000000000e+00
1.615198731422424316e+00 -4.938158988952636719e-01 0.000000000000000000e+00
1.617803335189819336e+00 -4.638977348804473877e-01 0.000000000000000000e+00
1.570595383644104004e+00 -4.208398461341857910e-01 0.000000000000000000e+00
1.633978009223937988e+00 -4.073965549468994141e-01 0.000000000000000000e+00
1.572633266448974609e+00 -3.630710542201995850e-01 0.000000000000000000e+00
1.577752113342285156e+00 -3.353616297245025635e-01 0.000000000000000000e+00
1.633427619934082031e+00 -3.175062537193298340e-01 0.000000000000000000e+00
1.629856824874877930e+00 -2.873878180980682373e-01 0.000000000000000000e+00
1.567461371421813965e+00 -2.482615709304809570e-01 0.000000000000000000e+00
1.605224609375000000e+00 -2.255996763706207275e-01 0.000000000000000000e+00
1.616857647895812988e+00 -1.985252350568771362e-01 0.000000000000000000e+00
1.607147455215454102e+00 -1.689180731773376465e-01 0.000000000000000000e+00
1.610846757888793945e+00 -1.409309059381484985e-01 0.000000000000000000e+00
1.620043992996215820e+00 -1.132845878601074219e-01 0.000000000000000000e+00
1.557862043380737305e+00 -8.164416253566741943e-02 0.000000000000000000e+00
1.618013739585876465e+00 -5.650236085057258606e-02 0.000000000000000000e+00
1.637750506401062012e+00 -2.858712151646614075e-02 0.000000000000000000e+00
