1.625000000000000000e+00 0.000000000000000000e+00 0.000000000000000000e+00
1.625752449035644531e+00 2.837761305272579193e-02 0.000000000000000000e+00
1.540061235427856445e+00 5.378012359142303467e-02 0.000000000000000000e+00
1.617779850959777832e+00 8.478424698114395142e-02 0.000000000000000000e+00
1.618048906326293945e+00 1.131450012326240540e-01 0.000000000000000000e+00
1.600884914398193359e+00 1.400592774152755737e-01 0.000000000000000000e+00
1.537530899047851562e+00 1.616010069847106934e-01 0.000000000000000000e+00
1.597006678581237793e+00 1.960877627134323120e-01 0.000000000000000000e+00
1.617107748985290527e+00 2.272696793079376221e-01 0.000000000000000000e+00
1.564498305320739746e+00 2.477921843528747559e-01 0.000000000000000000e+00
1.595388531684875488e+00 2.813100516796112061e-01 0.000000000000000000e+00
1.588272809982299805e+00 3.087289631366729736e-01 0.000000000000000000e+00
1.584599137306213379e+00 3.368169367313385010e-01 0.000000000000000000e+00
1.576530814170837402e+00 3.639708161354064941e-01 0.000000000000000000e+00
1.571879029273986816e+00 3.919134736061096191e-01 0.000000000000000000e+00
1.575425028800964355e+00 4.221338629722595215e-01 0.000000000000000000e+00
1.581275463104248047e+00 4.534234404563903809e-01 0.000000000000000000e+00
1.579815387725830078e+00 4.829980432987213135e-01 0.000000000000000000e+00
1.593019604682922363e+00 5.176034569740295410e-01 0.000000000000000000e+00
1.564833164215087891e+00 5.388152599334716797e-01 0.000000000000000000e+00
1.579623341560363770e+00 5.749358534812927246e-01 0.000000000000000000e+00
1.560012936592102051e+00 5.988328456878662109e-01 0.000000000000000000e+00
1.596610546112060547e+00 6.450725793838500977e-01 0.000000000000000000e+00
1.546448111534118652e+00 6.564282774925231934e-01 0.000000000000000000e+00
1.587742090225219727e+00 7.069082856178283691e-01 0.000000000000000000e+00
1.565193533897399902e+00 7.298617362976074219e-01 0.000000000000000000e+00
1.591764330863952637e+00 7.763553261756896973e-01 0.000000000000000000e+00
1.565498471260070801e+00 7.976613044738769531e-01 0.000000000000000000e+00
1.576061367988586426e+00 8.380067348480224609e-01 0.000000000000000000e+00
1.558572292327880859e+00 8.639307022094726562e-01 0.000000000000000000e+00
1.577898263931274414e+00 9.110000133514404297e-01 0.000000000000000000e+00
1.582330822944641113e+00 9.507602453231811523e-01 0.000000000000000000e+00
1.585001826286315918e+00 9.904190897941589355e-01 0.000000000000000000e+00
1.570829987525939941e+00 1.020108938217163086e+00 0.000000000000000000e+00
1.555274486541748047e+00 1.049045920372009277e+00 0.000000000000000000e+00
1.567037820816040039e+00 1.097251653671264648e+00 0.000000000000000000e+00
1.569493055343627930e+00 1.140303373336791992e+00 0.000000000000000000e+00
1.568520188331604004e+00 1.181964635848999023e+00 0.000000000000000000e+00
1.526376843452453613e+00 1.192536234855651855e+00 0.000000000000000000e+00
1.467251539230346680e+00 1.188156843185424805e+00 0.000000000000000000e+00
1.421778440475463867e+00 1.193013787269592285e+00 0.000000000000000000e+00
1.359231948852539062e+00 1.181562304496765137e+00 0.000000000000000000e+00
1.316109538078308105e+00 1.185030341148376465e+00 0.000000000000000000e+00
1.299615502357482910e+00 1.211911082267761230e+00 0.000000000000000000e+00
1.299847006797790527e+00 1.255247712135314941e+00 0.000000000000000000e+00
1.290469884872436523e+00 1.290469884872436523e+00 0.000000000000000000e+00
1.282339334487915039e+00 1.327901244163513184e+00 0.000000000000000000e+00
1.281474947929382324e+00 1.374213576316833496e+00 0.000000000000000000e+00
1.294098615646362305e+00 1.437242150306701660e+00 0.000000000000000000e+00
1.301621079444885254e+00 1.497343778610229492e+00 0.000000000000000000e+00
1.284289717674255371e+00 1.530556797981262207e+00 0.000000000000000000e+00
1.254864811897277832e+00 1.549628973007202148e+00 0.000000000000000000e+00
1.267031431198120117e+00 1.621726155281066895e+00 0.000000000000000000e+00
1.271033287048339844e+00 1.686718225479125977e+00 0.000000000000000000e+00
1.277257442474365234e+00 1.757994055747985840e+00 0.000000000000000000e+00
1.264736056327819824e+00 1.806230187416076660e+00 0.000000000000000000e+00
1.272163867950439453e+00 1.886060595512390137e+00 0.000000000000000000e+00
1.510828614234924316e+00 2.326472043991088867e+00 0.000000000000000000e+00
1.515499949455261230e+00 2.624922990798950195e+00 0.000000000000000000e+00
1.346068739891052246e+00 3.171139240264892578e+00 0.000000000000000000e+00
1.133185029029846191e+00 2.804731130599975586e+00 0.000000000000000000e+00
7.614593505859375000e-01 3.298242568969726562e+00 0.000000000000000000e+00
6.698914766311645508e-01 3.151591539382934570e+00 0.000000000000000000e+00
6.123061180114746094e-01 3.150041818618774414e+00 0.000000000000000000e+00
5.612309575080871582e-01 3.182898759841918945e+00 0.000000000000000000e+00
5.007467269897460938e-01 3.161590337753295898e+00 0.000000000000000000e+00
4.393695294857025146e-01 3.126276254653930664e+00 0.000000000000000000e+00
3.175915181636810303e-01 2.586575269699096680e+00 0.000000000000000000e+00
2.928887903690338135e-01 2.786650419235229492e+00 0.000000000000000000e+00
1.805297881364822388e-01 2.581695795059204102e+00 0.000000000000000000e+00
1.387949883937835693e-01 2.648365497589111328e+00 0.000000000000000000e+00
9.244879335165023804e-02 2.647386312484741211e+00 0.000000000000000000e+00
4.598712176084518433e-02 2.634598731994628906e+00 0.000000000000000000e+00
3.050508823321251839e-08 2.506999969482421875e+00 0.000000000000000000e+00
-5.464344844222068787e-02 3.130523204803466797e+00 0.000000000000000000e+00
-1.092702895402908325e-01 3.129092693328857422e+00 0.000000000000000000e+00
-1.635498255491256714e-01 3.120717287063598633e+00 0.000000000000000000e+00
-2.186865061521530151e-01 3.127363204956054688e+00 0.000000000000000000e+00
-2.734946906566619873e-01 3.126059055328369141e+00 0.000000000000000000e+00
-3.259197175502777100e-01 3.100919246673583984e+00 0.000000000000000000e+00
-3.812072575092315674e-01 3.104684352874755859e+00 0.000000000000000000e+00
-4.343592226505279541e-01 3.090626716613769531e+00 0.000000000000000000e+00
-4.960536360740661621e-01 3.131959676742553711e+00 0.000000000000000000e+00
-5.674821734428405762e-01 3.218351602554321289e+00 0.000000000000000000e+00
-1.496112108230590820e+00 1.985407948493957520e+00 0.000000000000000000e+00
-1.478818774223327637e+00 1.892801761627197266e+00 0.000000000000000000e+00
-1.497782588005065918e+00 1.849607467651367188e+00 0.000000000000000000e+00
-1.483553886413574219e+00 1.768030643463134766e+00 0.000000000000000000e+00
-1.497126698493957520e+00 1.722247362136840820e+00 0.000000000000000000e+00
-1.535654783248901367e+00 1.705517411231994629e+00 0.000000000000000000e+00
-1.561776161193847656e+00 1.674799919128417969e+00 0.000000000000000000e+00
-1.614385962486267090e+00 1.671745657920837402e+00 0.000000000000000000e+00
-1.639780640602111816e+00 1.639780640602111816e+00 0.000000000000000000e+00
-3.100702762603759766e+00 1.579887032508850098e+00 0.000000000000000000e+00
-3.123309135437011719e+00 1.523339748382568359e+00 0.000000000000000000e+00
-3.138543844223022461e+00 1.463527083396911621e+00 0.000000000000000000e+00
-3.370115280151367188e+00 9.030197262763977051e-01 0.000000000000000000e+00
-1.737920403480529785e+00 2.442488372325897217e-01 0.000000000000000000e+00
-1.717104911804199219e+00 2.108340114355087280e-01 0.000000000000000000e+00
-1.725495457649230957e+00 1.813569217920303345e-01 0.000000000000000000e+00
-1.727401614189147949e+00 1.511280983686447144e-01 0.000000000000000000e+00
-1.654958844184875488e+00 1.157260313630104065e-01 0.000000000000000000e+00
-1.679694890975952148e+00 8.802912384271621704e-02 0.000000000000000000e+00
-1.963803052902221680e+00 6.857755780220031738e-02 0.000000000000000000e+00
-1.720999956130981445e+00 4.188213154066033894e-08 0.000000000000000000e+00
-1.183267235755920410e+00 -1.268898606300354004e+00 0.000000000000000000e+00
-1.134176492691040039e+00 -1.259630441665649414e+00 0.000000000000000000e+00
-1.112020134925842285e+00 -1.279232740402221680e+00 0.000000000000000000e+00
-1.071527004241943359e+00 -1.276996135711669922e+00 0.000000000000000000e+00
-1.078655242919921875e+00 -1.332028150558471680e+00 0.000000000000000000e+00
-9.998342394828796387e-01 -1.279729366302490234e+00 0.000000000000000000e+00
-9.809585213661193848e-01 -1.301775813102722168e+00 0.000000000000000000e+00
-9.345785975456237793e-01 -1.286337018013000488e+00 0.000000000000000000e+00
-8.999414443969726562e-01 -1.285249590873718262e+00 0.000000000000000000e+00
-8.907943964004516602e-01 -1.320656895637512207e+00 0.000000000000000000e+00
-8.686993122100830078e-01 -1.337679505348205566e+00 0.000000000000000000e+00
-8.303835391998291016e-01 -1.328891396522521973e+00 0.000000000000000000e+00
-7.885233163833618164e-01 -1.312323093414306641e+00 0.000000000000000000e+00
-1.667745232582092285e+00 -3.008691787719726562e+00 0.000000000000000000e+00
-1.461395502090454102e+00 -2.868149995803833008e+00 0.000000000000000000e+00
-1.131060719490051270e+00 -3.107563495635986328e+00 0.000000000000000000e+00
-1.024563074111938477e+00 -2.975547075271606445e+00 0.000000000000000000e+00
-9.755667448043823242e-01 -3.002485513687133789e+00 0.000000000000000000e+00
-9.198014736175537109e-01 -3.008534669876098633e+00 0.000000000000000000e+00
-8.655014038085937500e-01 -3.018361806869506836e+00 0.000000000000000000e+00
-8.033744692802429199e-01 -2.998233795166015625e+00 0.000000000000000000e+00
-6.687796115875244141e-01 -2.896802186965942383e+00 0.000000000000000000e+00
-6.027360558509826660e-01 -2.835649728775024414e+00 0.000000000000000000e+00
-5.529645681381225586e-01 -2.844755649566650391e+00 0.000000000000000000e+00
-2.119202762842178345e-01 -3.030599594116210938e+00 0.000000000000000000e+00
-1.554902344942092896e-01 -2.966928243637084961e+00 0.000000000000000000e+00
-1.027442216873168945e-01 -2.942206621170043945e+00 0.000000000000000000e+00
-5.160687491297721863e-02 -2.956549644470214844e+00 0.000000000000000000e+00
-1.072849400429731759e-07 -2.938999891281127930e+00 0.000000000000000000e+00
5.153685063123703003e-02 -2.952550411224365234e+00 0.000000000000000000e+00
1.033721938729286194e-01 -2.960195541381835938e+00 0.000000000000000000e+00
1.536059230566024780e-01 -2.930977582931518555e+00 0.000000000000000000e+00
2.075951546430587769e-01 -2.968750715255737305e+00 0.000000000000000000e+00
6.266456842422485352e-01 -2.948136806488037109e+00 0.000000000000000000e+00
7.390713095664978027e-01 -2.964253425598144531e+00 0.000000000000000000e+00
7.919861674308776855e-01 -2.955733060836791992e+00 0.000000000000000000e+00
8.434501886367797852e-01 -2.941460847854614258e+00 0.000000000000000000e+00
8.981657624244689941e-01 -2.937768220901489258e+00 0.000000000000000000e+00
9.659869670867919922e-01 -2.973002672195434570e+00 0.000000000000000000e+00
1.017400383949279785e+00 -2.954745531082153320e+00 0.000000000000000000e+00
1.069496870040893555e+00 -2.938418865203857422e+00 0.000000000000000000e+00
1.114524126052856445e+00 -2.903434991836547852e+00 0.000000000000000000e+00
1.507248282432556152e+00 -2.958141565322875977e+00 0.000000000000000000e+00
1.564279079437255859e+00 -2.941981554031372070e+00 0.000000000000000000e+00
1.641080498695373535e+00 -2.960587739944458008e+00 0.000000000000000000e+00
1.637499928474426270e+00 -2.836233377456665039e+00 0.000000000000000000e+00
1.658422470092773438e+00 -2.760078907012939453e+00 0.000000000000000000e+00
1.654937744140625000e+00 -2.648454189300537109e+00 0.000000000000000000e+00
1.650256156921386719e+00 -2.541171789169311523e+00 0.000000000000000000e+00
1.694913506507873535e+00 -2.512812852859497070e+00 0.000000000000000000e+00
1.630104184150695801e+00 -2.328030109405517578e+00 0.000000000000000000e+00
1.630516171455383301e+00 -2.244213104248046875e+00 0.000000000000000000e+00
1.623696804046630859e+00 -2.154718637466430664e+00 0.000000000000000000e+00
1.619805335998535156e+00 -2.073256492614746094e+00 0.000000000000000000e+00
1.633715629577636719e+00 -2.017470836639404297e+00 0.000000000000000000e+00
1.608897328376770020e+00 -1.917409300804138184e+00 0.000000000000000000e+00
1.610624790191650391e+00 -1.852812051773071289e+00 0.000000000000000000e+00
1.615281224250793457e+00 -1.793951749801635742e+00 0.000000000000000000e+00
1.625884056091308594e+00 -1.743547320365905762e+00 0.000000000000000000e+00
1.613691329956054688e+00 -1.671026349067687988e+00 0.000000000000000000e+00
1.617860317230224609e+00 -1.617860436439514160e+00 0.000000000000000000e+00
1.620672464370727539e+00 -1.565065383911132812e+00 0.000000000000000000e+00
1.637500882148742676e+00 -1.526994466781616211e+00 0.000000000000000000e+00
1.637891173362731934e+00 -1.474763870239257812e+00 0.000000000000000000e+00
1.631682038307189941e+00 -1.418399691581726074e+00 0.000000000000000000e+00
1.592606306076049805e+00 -1.336355447769165039e+00 0.000000000000000000e+00
1.618017792701721191e+00 -1.310245156288146973e+00 0.000000000000000000e+00
1.626453995704650879e+00 -1.270725250244140625e+00 0.000000000000000000e+00
1.622827410697937012e+00 -1.222888231277465820e+00 0.000000000000000000e+00
1.614797949790954590e+00 -1.173219442367553711e+00 0.000000000000000000e+00
1.612910270690917969e+00 -1.129372119903564453e+00 0.000000000000000000e+00
1.626571655273437500e+00 -1.097136497497558594e+00 0.000000000000000000e+00
1.624504923820495605e+00 -1.054965853691101074e+00 0.000000000000000000e+00
1.631644487380981445e+00 -1.019564747810363770e+00 0.000000000000000000e+00
1.587473750114440918e+00 -9.538505673408508301e-01 0.000000000000000000e+00
1.614271283149719238e+00 -9.320000410079956055e-01 0.000000000000000000e+00
1.618921041488647461e+00 -8.973826766014099121e-01 0.000000000000000000e+00
1.606964588165283203e+00 -8.544383645057678223e-01 0.000000000000000000e+00
1.628759860992431641e+00 -8.298946619033813477e-01 0.000000000000000000e+00
1.610638976097106934e+00 -7.855612039566040039e-01 0.000000000000000000e+00
1.618665695190429688e+00 -7.547962665557861328e-01 0.000000000000000000e+00
1.624283790588378906e+00 -7.231778502464294434e-01 0.000000000000000000e+00
1.607201457023620605e+00 -6.822166442871093750e-01 0.000000000000000000e+00
1.613299846649169922e+00 -6.518155336380004883e-01 0.000000000000000000e+00
1.636566519737243652e+00 -6.282191276550292969e-01 0.000000000000000000e+00
1.590899586677551270e+00 -5.790401697158813477e-01 0.000000000000000000e+00
1.607381582260131836e+00 -5.534659624099731445e-01 0.000000000000000000e+00
1.604432344436645508e+00 -5.213117599487304688e-01 0.000000000000000000e+00
1.599897861480712891e+00 -4.891379177570343018e-01 0.000000000000000000e+00
1.620687246322631836e+00 -4.647246599197387695e-01 0.000000000000000000e+00
1.635312318801879883e+00 -4.381807148456573486e-01 0.000000000000000000e+00
1.638829469680786133e+00 -4.086061716079711914e-01 0.000000000000000000e+00
1.646685481071472168e+00 -3.801673650741577148e-01 0.000000000000000000e+00
1.586555361747741699e+00 -3.372328281402587891e-01 0.000000000000000000e+00
1.617721557617187500e+00 -3.144533038139343262e-01 0.000000000000000000e+00
1.627887248992919922e+00 -2.870405018329620361e-01 0.000000000000000000e+00
1.598079800605773926e+00 -2.531110346317291260e-01 0.000000000000000000e+00
1.626020073890686035e+00 -2.285223007202148438e-01 0.000000000000000000e+00
1.621820330619812012e+00 -1.991345733404159546e-01 0.000000000000000000e+00
1.607147455215454102e+00 -1.689180731773376465e-01 0.000000000000000000e+00
1.594907641410827637e+00 -1.395364105701446533e-01 0.000000000000000000e+00
1.600092649459838867e+00 -1.118894591927528381e-01 0.000000000000000000e+00
1.607793569564819336e+00 -8.426097035408020020e-02 0.000000000000000000e+00
1.631005764007568359e+00 -5.695605650544166565e-02 0.000000000000000000e+00
1.605755329132080078e+00 -2.802864089608192444e-02 0.000000000000000000e+00
