1.664999961853027344e+00 0.000000000000000000e+00 0.000000000000000000e+00
1.660747051239013672e+00 2.898844704031944275e-02 0.000000000000000000e+00
1.673979640007019043e+00 5.845665559172630310e-02 0.000000000000000000e+00
1.704660654067993164e+00 8.933747559785842896e-02 0.000000000000000000e+00
1.698851585388183594e+00 1.187952682375907898e-01 0.000000000000000000e+00
1.688550114631652832e+00 1.477289944887161255e-01 0.000000000000000000e+00
1.656873464584350586e+00 1.741444170475006104e-01 0.000000000000000000e+00
1.696261405944824219e+00 2.082747071981430054e-01 0.000000000000000000e+00
1.711183309555053711e+00 2.404911220073699951e-01 0.000000000000000000e+00
1.694873213768005371e+00 2.684415280818939209e-01 0.000000000000000000e+00
1.685990929603576660e+00 2.972856760025024414e-01 0.000000000000000000e+00
1.646188855171203613e+00 3.199867010116577148e-01 0.000000000000000000e+00
1.686326384544372559e+00 3.584397435188293457e-01 0.000000000000000000e+00
1.692480802536010742e+00 3.907399773597717285e-01 0.000000000000000000e+00
1.645621538162231445e+00 4.102995395660400391e-01 0.000000000000000000e+00
1.646903634071350098e+00 4.412864744663238525e-01 0.000000000000000000e+00
1.649525046348571777e+00 4.729937016963958740e-01 0.000000000000000000e+00
1.650581955909729004e+00 5.046335458755493164e-01 0.000000000000000000e+00
1.621551394462585449e+00 5.268740057945251465e-01 0.000000000000000000e+00
1.635747194290161133e+00 5.632328987121582031e-01 0.000000000000000000e+00
1.652919292449951172e+00 6.016134023666381836e-01 0.000000000000000000e+00
1.623496294021606445e+00 6.232018470764160156e-01 0.000000000000000000e+00
1.641115427017211914e+00 6.630536317825317383e-01 0.000000000000000000e+00
1.646783232688903809e+00 6.990180015563964844e-01 0.000000000000000000e+00
1.627937912940979004e+00 7.248046994209289551e-01 0.000000000000000000e+00
1.645854949951171875e+00 7.674747705459594727e-01 0.000000000000000000e+00
1.602549791336059570e+00 7.816157341003417969e-01 0.000000000000000000e+00
1.623413920402526855e+00 8.271706700325012207e-01 0.000000000000000000e+00
1.651994943618774414e+00 8.783813118934631348e-01 0.000000000000000000e+00
1.624168753623962402e+00 9.002914428710937500e-01 0.000000000000000000e+00
1.603013038635253906e+00 9.254999756813049316e-01 0.000000000000000000e+00
1.628617882728576660e+00 9.785723090171813965e-01 0.000000000000000000e+00
1.608747243881225586e+00 1.005256772041320801e+00 0.000000000000000000e+00
1.606892824172973633e+00 1.043528437614440918e+00 0.000000000000000000e+00
1.605016708374023438e+00 1.082597494125366211e+00 0.000000000000000000e+00
1.608814597129821777e+00 1.126504063606262207e+00 0.000000000000000000e+00
1.569493055343627930e+00 1.140303373336791992e+00 0.000000000000000000e+00
1.583694219589233398e+00 1.193399190902709961e+00 0.000000000000000000e+00
1.588629722595214844e+00 1.241173505783081055e+00 0.000000000000000000e+00
1.609469413757324219e+00 1.303322553634643555e+00 0.000000000000000000e+00
1.592606425285339355e+00 1.336355447769165039e+00 0.000000000000000000e+00
1.501872062683105469e+00 1.305557489395141602e+00 0.000000000000000000e+00
1.458793401718139648e+00 1.313503384590148926e+00 0.000000000000000000e+00
1.407855868339538574e+00 1.312846779823303223e+00 0.000000000000000000e+00
1.343726754188537598e+00 1.297621846199035645e+00 0.000000000000000000e+00
1.310975909233093262e+00 1.310975909233093262e+00 0.000000000000000000e+00
1.310125708580017090e+00 1.356674909591674805e+00 0.000000000000000000e+00
1.303980827331542969e+00 1.398348212242126465e+00 0.000000000000000000e+00
1.308150410652160645e+00 1.452848196029663086e+00 0.000000000000000000e+00
1.289812088012695312e+00 1.483759045600891113e+00 0.000000000000000000e+00
1.281075716018676758e+00 1.526726603507995605e+00 0.000000000000000000e+00
1.271856427192687988e+00 1.570611953735351562e+00 0.000000000000000000e+00
1.268262624740600586e+00 1.623302102088928223e+00 0.000000000000000000e+00
1.260802507400512695e+00 1.673141360282897949e+00 0.000000000000000000e+00
1.251982688903808594e+00 1.723206281661987305e+00 0.000000000000000000e+00
1.249249458312988281e+00 1.784113168716430664e+00 0.000000000000000000e+00
1.237493991851806641e+00 1.834660172462463379e+00 0.000000000000000000e+00
1.212366580963134766e+00 1.866880774497985840e+00 0.000000000000000000e+00
1.211395502090454102e+00 1.938637971878051758e+00 0.000000000000000000e+00
1.459617972373962402e+00 2.429212331771850586e+00 0.000000000000000000e+00
1.427193522453308105e+00 2.684160709381103516e+00 0.000000000000000000e+00
1.458671569824218750e+00 2.862803936004638672e+00 0.000000000000000000e+00
6.824781298637390137e-01 2.380084037780761719e+00 0.000000000000000000e+00
5.716498494148254395e-01 3.241987228393554688e+00 0.000000000000000000e+00
5.102892518043518066e-01 3.221839427947998047e+00 0.000000000000000000e+00
4.537043571472167969e-01 3.228273868560791016e+00 0.000000000000000000e+00
3.930286467075347900e-01 3.200961351394653320e+00 0.000000000000000000e+00
3.384631872177124023e-01 3.220261812210083008e+00 0.000000000000000000e+00
2.822103202342987061e-01 3.225678443908691406e+00 0.000000000000000000e+00
2.271968722343444824e-01 3.249066114425659180e+00 0.000000000000000000e+00
1.671610772609710693e-01 3.189622640609741211e+00 0.000000000000000000e+00
1.125160157680511475e-01 3.222035884857177734e+00 0.000000000000000000e+00
5.576047673821449280e-02 3.194513320922851562e+00 0.000000000000000000e+00
3.885230981381937454e-08 3.193000078201293945e+00 0.000000000000000000e+00
-5.535899475216865540e-02 3.171516895294189453e+00 0.000000000000000000e+00
-1.100380793213844299e-01 3.151079416275024414e+00 0.000000000000000000e+00
-1.637591719627380371e-01 3.124711751937866211e+00 0.000000000000000000e+00
-2.195933461189270020e-01 3.140331745147705078e+00 0.000000000000000000e+00
-2.752377986907958984e-01 3.145982742309570312e+00 0.000000000000000000e+00
-3.315642476081848145e-01 3.154623270034790039e+00 0.000000000000000000e+00
-3.865694999694824219e-01 3.148356437683105469e+00 0.000000000000000000e+00
-7.946662306785583496e-01 2.599236249923706055e+00 0.000000000000000000e+00
-7.984998822212219238e-01 2.457530260086059570e+00 0.000000000000000000e+00
-8.428959250450134277e-01 2.447947502136230469e+00 0.000000000000000000e+00
-9.063533544540405273e-01 2.490185499191284180e+00 0.000000000000000000e+00
-9.718937873840332031e-01 2.531870126724243164e+00 0.000000000000000000e+00
-1.004694819450378418e+00 2.486706972122192383e+00 0.000000000000000000e+00
-1.158908486366271973e+00 2.730217456817626953e+00 0.000000000000000000e+00
-1.357686877250671387e+00 3.049414873123168945e+00 0.000000000000000000e+00
-1.454651951789855957e+00 3.119511365890502930e+00 0.000000000000000000e+00
-9.881802797317504883e-01 -1.311359405517578125e+00 0.000000000000000000e+00
-9.475098848342895508e-01 -1.304135322570800781e+00 0.000000000000000000e+00
-9.148544669151306152e-01 -1.306547522544860840e+00 0.000000000000000000e+00
-9.109252691268920898e-01 -1.350502133369445801e+00 0.000000000000000000e+00
-5.308425426483154297e-01 -3.010557174682617188e+00 0.000000000000000000e+00
5.113544315099716187e-02 -2.929553747177124023e+00 0.000000000000000000e+00
1.015574336051940918e-01 -2.908227443695068359e+00 0.000000000000000000e+00
1.533965766429901123e-01 -2.926983118057250977e+00 0.000000000000000000e+00
2.013868391513824463e-01 -2.879967451095581055e+00 0.000000000000000000e+00
2.534487843513488770e-01 -2.896934270858764648e+00 0.000000000000000000e+00
3.084633946418762207e-01 -2.934834003448486328e+00 0.000000000000000000e+00
3.570770621299743652e-01 -2.908160209655761719e+00 0.000000000000000000e+00
4.093079864978790283e-01 -2.912378311157226562e+00 0.000000000000000000e+00
4.682082533836364746e-01 -2.956151247024536133e+00 0.000000000000000000e+00
9.939594268798828125e-01 -2.886668205261230469e+00 0.000000000000000000e+00
1.047949552536010742e+00 -2.879218101501464844e+00 0.000000000000000000e+00
1.100906252861022949e+00 -2.867959022521972656e+00 0.000000000000000000e+00
1.139178514480590820e+00 -2.819566011428833008e+00 0.000000000000000000e+00
1.214001536369323730e+00 -2.860008716583251953e+00 0.000000000000000000e+00
1.271865367889404297e+00 -2.856656789779663086e+00 0.000000000000000000e+00
1.324485540390014648e+00 -2.840368747711181641e+00 0.000000000000000000e+00
1.384814262390136719e+00 -2.839290380477905273e+00 0.000000000000000000e+00
1.440057754516601562e+00 -2.826272726058959961e+00 0.000000000000000000e+00
1.496205806732177734e+00 -2.813954114913940430e+00 0.000000000000000000e+00
1.626499891281127930e+00 -2.817180633544921875e+00 0.000000000000000000e+00
1.775851130485534668e+00 -2.955513000488281250e+00 0.000000000000000000e+00
1.777878999710083008e+00 -2.845201492309570312e+00 0.000000000000000000e+00
1.877915263175964355e+00 -2.891736268997192383e+00 0.000000000000000000e+00
1.916318774223327637e+00 -2.736787080764770508e+00 0.000000000000000000e+00
1.944981336593627930e+00 -2.677037239074707031e+00 0.000000000000000000e+00
1.878866434097290039e+00 -2.493340015411376953e+00 0.000000000000000000e+00
1.890696406364440918e+00 -2.419981241226196289e+00 0.000000000000000000e+00
1.907469987869262695e+00 -2.355529308319091797e+00 0.000000000000000000e+00
1.869226217269897461e+00 -2.227657318115234375e+00 0.000000000000000000e+00
1.947839260101318359e+00 -2.240732908248901367e+00 0.000000000000000000e+00
1.840109109878540039e+00 -2.043648242950439453e+00 0.000000000000000000e+00
1.860491394996643066e+00 -1.995132923126220703e+00 0.000000000000000000e+00
1.824867486953735352e+00 -1.889705777168273926e+00 0.000000000000000000e+00
1.819385647773742676e+00 -1.819385766983032227e+00 0.000000000000000000e+00
1.772453188896179199e+00 -1.711638331413269043e+00 0.000000000000000000e+00
1.822533369064331055e+00 -1.699540019035339355e+00 0.000000000000000000e+00
1.811043858528137207e+00 -1.630671381950378418e+00 0.000000000000000000e+00
1.786397576332092285e+00 -1.552891850471496582e+00 0.000000000000000000e+00
1.782585263252258301e+00 -1.495766758918762207e+00 0.000000000000000000e+00
1.797538518905639648e+00 -1.455618143081665039e+00 0.000000000000000000e+00
1.800604581832885742e+00 -1.406786561012268066e+00 0.000000000000000000e+00
1.801721692085266113e+00 -1.357694745063781738e+00 0.000000000000000000e+00
1.791163563728332520e+00 -1.301356673240661621e+00 0.000000000000000000e+00
1.809506893157958984e+00 -1.267030477523803711e+00 0.000000000000000000e+00
1.791550159454345703e+00 -1.208415985107421875e+00 0.000000000000000000e+00
1.763724088668823242e+00 -1.145375967025756836e+00 0.000000000000000000e+00
1.774116516113281250e+00 -1.108591198921203613e+00 0.000000000000000000e+00
1.764050364494323730e+00 -1.059948444366455078e+00 0.000000000000000000e+00
1.781414151191711426e+00 -1.028500080108642578e+00 0.000000000000000000e+00
1.774603366851806641e+00 -9.836788177490234375e-01 0.000000000000000000e+00
1.784436941146850586e+00 -9.488020539283752441e-01 0.000000000000000000e+00
1.721424579620361328e+00 -8.771097660064697266e-01 0.000000000000000000e+00
1.754445910453796387e+00 -8.557005524635314941e-01 0.000000000000000000e+00
1.731047749519348145e+00 -8.072009682655334473e-01 0.000000000000000000e+00
1.752180099487304688e+00 -7.801209688186645508e-01 0.000000000000000000e+00
1.734231114387512207e+00 -7.361375093460083008e-01 0.000000000000000000e+00
1.750523090362548828e+00 -7.072573304176330566e-01 0.000000000000000000e+00
1.734592437744140625e+00 -6.658477187156677246e-01 0.000000000000000000e+00
1.720577120780944824e+00 -6.262389421463012695e-01 0.000000000000000000e+00
1.740699648857116699e+00 -5.993710160255432129e-01 0.000000000000000000e+00
1.675761580467224121e+00 -5.444880127906799316e-01 0.000000000000000000e+00
1.722304821014404297e+00 -5.265614986419677734e-01 0.000000000000000000e+00
1.741806149482727051e+00 -4.994549751281738281e-01 0.000000000000000000e+00
1.726109385490417480e+00 -4.625096917152404785e-01 0.000000000000000000e+00
1.732948184013366699e+00 -4.320725798606872559e-01 0.000000000000000000e+00
1.747045516967773438e+00 -4.033373296260833740e-01 0.000000000000000000e+00
1.723496079444885254e+00 -3.663404583930969238e-01 0.000000000000000000e+00
1.724718928337097168e+00 -3.352514803409576416e-01 0.000000000000000000e+00
1.729322433471679688e+00 -3.049262762069702148e-01 0.000000000000000000e+00
1.727466821670532227e+00 -2.736039459705352783e-01 0.000000000000000000e+00
1.711183309555053711e+00 -2.404912114143371582e-01 0.000000000000000000e+00
1.691298604011535645e+00 -2.076654434204101562e-01 0.000000000000000000e+00
1.688698172569274902e+00 -1.774893999099731445e-01 0.000000000000000000e+00
1.691538572311401367e+00 -1.479905247688293457e-01 0.000000000000000000e+00
1.683888077735900879e+00 -1.177490055561065674e-01 0.000000000000000000e+00
1.701664686203002930e+00 -8.918055146932601929e-02 0.000000000000000000e+00
1.665984511375427246e+00 -5.817754194140434265e-02 0.000000000000000000e+00
1.707739830017089844e+00 -2.980879135429859161e-02 0.000000000000000000e+00
