-1.840149998664855957e+00 -1.905531048774719238e+00 0.000000000000000000e+00
-1.769785881042480469e+00 -1.897862792015075684e+00 0.000000000000000000e+00
-1.720334887504577637e+00 -1.910625338554382324e+00 0.000000000000000000e+00
-1.659173369407653809e+00 -1.908660531044006348e+00 0.000000000000000000e+00
-1.607611775398254395e+00 -1.915877103805541992e+00 0.000000000000000000e+00
-1.553792119026184082e+00 -1.918773412704467773e+00 0.000000000000000000e+00
-1.505908131599426270e+00 -1.927474379539489746e+00 0.000000000000000000e+00
-1.133954048156738281e+00 -3.293241262435913086e+00 0.000000000000000000e+00
-1.065799713134765625e+00 -3.280193805694580078e+00 0.000000000000000000e+00
-1.010729074478149414e+00 -3.305945634841918945e+00 0.000000000000000000e+00
