1.623000025749206543e+00 0.000000000000000000e+00 0.000000000000000000e+00
1.627752065658569336e+00 2.841251716017723083e-02 0.000000000000000000e+00
1.612017393112182617e+00 5.629288777709007263e-02 0.000000000000000000e+00
1.559859395027160645e+00 8.174876123666763306e-02 0.000000000000000000e+00
1.597100019454956055e+00 1.116801127791404724e-01 0.000000000000000000e+00
1.615827798843383789e+00 1.413666158914566040e-01 0.000000000000000000e+00
1.604163885116577148e+00 1.686044186353683472e-01 0.000000000000000000e+00
1.578148365020751953e+00 1.937722563743591309e-01 0.000000000000000000e+00
1.587399721145629883e+00 2.230944782495498657e-01 0.000000000000000000e+00
1.598079800605773926e+00 2.531109750270843506e-01 0.000000000000000000e+00
1.568798780441284180e+00 2.766215503215789795e-01 0.000000000000000000e+00
1.585327863693237305e+00 3.081565201282501221e-01 0.000000000000000000e+00
1.547429561614990234e+00 3.289162814617156982e-01 0.000000000000000000e+00
1.591146349906921387e+00 3.673450648784637451e-01 0.000000000000000000e+00
1.588374018669128418e+00 3.960261344909667969e-01 0.000000000000000000e+00
1.587016105651855469e+00 4.252396821975708008e-01 0.000000000000000000e+00
1.574546694755554199e+00 4.514939785003662109e-01 0.000000000000000000e+00
1.570252418518066406e+00 4.800743162631988525e-01 0.000000000000000000e+00
1.553075313568115234e+00 5.046247243881225586e-01 0.000000000000000000e+00
1.588471174240112305e+00 5.469544529914855957e-01 0.000000000000000000e+00
1.577743887901306152e+00 5.742518305778503418e-01 0.000000000000000000e+00
1.581485271453857422e+00 6.070753335952758789e-01 0.000000000000000000e+00
1.579921245574951172e+00 6.383296251296997070e-01 0.000000000000000000e+00
1.597996354103088379e+00 6.783092021942138672e-01 0.000000000000000000e+00
1.593223214149475098e+00 7.093486785888671875e-01 0.000000000000000000e+00
1.579694509506225586e+00 7.366236448287963867e-01 0.000000000000000000e+00
1.586371541023254395e+00 7.737250328063964844e-01 0.000000000000000000e+00
1.576190590858459473e+00 8.031092286109924316e-01 0.000000000000000000e+00
1.601666927337646484e+00 8.516213893890380859e-01 0.000000000000000000e+00
1.594431638717651367e+00 8.838078975677490234e-01 0.000000000000000000e+00
1.577898263931274414e+00 9.110000133514404297e-01 0.000000000000000000e+00
1.580616474151611328e+00 9.497302174568176270e-01 0.000000000000000000e+00
1.592634320259094238e+00 9.951883554458618164e-01 0.000000000000000000e+00
1.592635512351989746e+00 1.034269571304321289e+00 0.000000000000000000e+00
1.588436007499694824e+00 1.071413636207580566e+00 0.000000000000000000e+00
1.550654888153076172e+00 1.085780143737792969e+00 0.000000000000000000e+00
1.578392148017883301e+00 1.146769046783447266e+00 0.000000000000000000e+00
1.586090087890625000e+00 1.195204615592956543e+00 0.000000000000000000e+00
1.512980580329895020e+00 1.182070016860961914e+00 0.000000000000000000e+00
1.454817175865173340e+00 1.178087711334228516e+00 0.000000000000000000e+00
1.414884090423583984e+00 1.187228679656982422e+00 0.000000000000000000e+00
1.357722520828247070e+00 1.180250167846679688e+00 0.000000000000000000e+00
1.308678030967712402e+00 1.178339004516601562e+00 0.000000000000000000e+00
1.291570663452148438e+00 1.204409122467041016e+00 0.000000000000000000e+00
1.288337588310241699e+00 1.244133114814758301e+00 0.000000000000000000e+00
1.306026220321655273e+00 1.306026220321655273e+00 0.000000000000000000e+00
1.289980649948120117e+00 1.335813999176025391e+00 0.000000000000000000e+00
1.303298830986022949e+00 1.397616982460021973e+00 0.000000000000000000e+00
1.300789952278137207e+00 1.444673538208007812e+00 0.000000000000000000e+00
1.285875678062438965e+00 1.479230761528015137e+00 0.000000000000000000e+00
1.288789272308349609e+00 1.535919189453125000e+00 0.000000000000000000e+00
1.298917174339294434e+00 1.604029178619384766e+00 0.000000000000000000e+00
1.284269809722900391e+00 1.643790364265441895e+00 0.000000000000000000e+00
1.287282347679138184e+00 1.708281278610229492e+00 0.000000000000000000e+00
1.282547354698181152e+00 1.765275001525878906e+00 0.000000000000000000e+00
1.274486780166625977e+00 1.820155739784240723e+00 0.000000000000000000e+00
1.493604302406311035e+00 2.214359283447265625e+00 0.000000000000000000e+00
1.529891133308410645e+00 2.355825662612915039e+00 0.000000000000000000e+00
1.521937489509582520e+00 2.532929182052612305e+00 0.000000000000000000e+00
1.525500059127807617e+00 2.642243623733520508e+00 0.000000000000000000e+00
1.184880733489990234e+00 2.932682514190673828e+00 0.000000000000000000e+00
7.301911711692810059e-01 3.162805318832397461e+00 0.000000000000000000e+00
6.707231402397155762e-01 3.155504226684570312e+00 0.000000000000000000e+00
6.155498623847961426e-01 3.166729450225830078e+00 0.000000000000000000e+00
4.370724856853485107e-01 2.478760957717895508e+00 0.000000000000000000e+00
3.904604613780975342e-01 2.465270042419433594e+00 0.000000000000000000e+00
3.379123210906982422e-01 2.404370784759521484e+00 0.000000000000000000e+00
2.902927994728088379e-01 2.364244937896728516e+00 0.000000000000000000e+00
2.453283220529556274e-01 2.334142684936523438e+00 0.000000000000000000e+00
2.058618962764739990e-01 2.353011846542358398e+00 0.000000000000000000e+00
1.618350446224212646e-01 2.314348459243774414e+00 0.000000000000000000e+00
1.211054250597953796e-01 2.310828685760498047e+00 0.000000000000000000e+00
8.033867180347442627e-02 2.300597667694091797e+00 0.000000000000000000e+00
4.083865880966186523e-02 2.339643478393554688e+00 0.000000000000000000e+00
3.801272185910420376e-08 3.124000072479248047e+00 0.000000000000000000e+00
-5.469580367207527161e-02 3.133522748947143555e+00 0.000000000000000000e+00
-1.098286807537078857e-01 3.145082950592041016e+00 0.000000000000000000e+00
-1.672656834125518799e-01 3.191620111465454102e+00 0.000000000000000000e+00
-2.211977392435073853e-01 3.163275718688964844e+00 0.000000000000000000e+00
-2.734946906566619873e-01 3.126059055328369141e+00 0.000000000000000000e+00
-3.288464844226837158e-01 3.128765821456909180e+00 0.000000000000000000e+00
-3.830353021621704102e-01 3.119572401046752930e+00 0.000000000000000000e+00
-4.414570331573486328e-01 3.141130208969116211e+00 0.000000000000000000e+00
-4.988694489002227783e-01 3.149738073348999023e+00 0.000000000000000000e+00
-5.614045262336730957e-01 3.183883428573608398e+00 0.000000000000000000e+00
-1.505741238594055176e+00 1.998186111450195312e+00 0.000000000000000000e+00
-1.512680172920227051e+00 1.936142444610595703e+00 0.000000000000000000e+00
-1.492747902870178223e+00 1.843390226364135742e+00 0.000000000000000000e+00
-1.500266313552856445e+00 1.787947893142700195e+00 0.000000000000000000e+00
-1.525993227958679199e+00 1.755454540252685547e+00 0.000000000000000000e+00
-1.543015122413635254e+00 1.713691949844360352e+00 0.000000000000000000e+00
-1.569278240203857422e+00 1.682844996452331543e+00 0.000000000000000000e+00
-1.620637893676757812e+00 1.678219795227050781e+00 0.000000000000000000e+00
-1.663822174072265625e+00 1.663822293281555176e+00 0.000000000000000000e+00
-3.114067554473876953e+00 1.586696863174438477e+00 0.000000000000000000e+00
-3.105333328247070312e+00 1.514572381973266602e+00 0.000000000000000000e+00
-3.104104042053222656e+00 1.447467565536499023e+00 0.000000000000000000e+00
-3.400041103363037109e+00 7.227011322975158691e-01 0.000000000000000000e+00
-1.742871761322021484e+00 2.449446916580200195e-01 0.000000000000000000e+00
-1.756806612014770508e+00 2.157087773084640503e-01 0.000000000000000000e+00
-1.733451724052429199e+00 1.821931600570678711e-01 0.000000000000000000e+00
-1.738359808921813965e+00 1.520868092775344849e-01 0.000000000000000000e+00
-1.664934396743774414e+00 1.164235994219779968e-01 0.000000000000000000e+00
-1.682690739631652832e+00 8.818612247705459595e-02 0.000000000000000000e+00
-2.031761646270751953e+00 7.095072418451309204e-02 0.000000000000000000e+00
-2.481621980667114258e+00 4.331693425774574280e-02 0.000000000000000000e+00
-1.858000040054321289e+00 4.521615792896227504e-08 0.000000000000000000e+00
-1.169627189636230469e+00 -1.254271626472473145e+00 0.000000000000000000e+00
-1.128154277801513672e+00 -1.252942085266113281e+00 0.000000000000000000e+00
-1.102179169654846191e+00 -1.267912030220031738e+00 0.000000000000000000e+00
-1.076669216156005859e+00 -1.283124327659606934e+00 0.000000000000000000e+00
-1.081172466278076172e+00 -1.335136771202087402e+00 0.000000000000000000e+00
-1.009069204330444336e+00 -1.291549682617187500e+00 0.000000000000000000e+00
-9.719313383102416992e-01 -1.289796352386474609e+00 0.000000000000000000e+00
-9.375175237655639648e-01 -1.290382146835327148e+00 0.000000000000000000e+00
-9.200166463851928711e-01 -1.313919782638549805e+00 0.000000000000000000e+00
-8.891167640686035156e-01 -1.318169713020324707e+00 0.000000000000000000e+00
-8.605297207832336426e-01 -1.325099468231201172e+00 0.000000000000000000e+00
-8.277339339256286621e-01 -1.324651122093200684e+00 0.000000000000000000e+00
-8.127300739288330078e-01 -1.352609872817993164e+00 0.000000000000000000e+00
-1.093438506126403809e+00 -3.004197359085083008e+00 0.000000000000000000e+00
-1.041167020797729492e+00 -3.023768424987792969e+00 0.000000000000000000e+00
-9.826741814613342285e-01 -3.024359703063964844e+00 0.000000000000000000e+00
-9.092760682106018066e-01 -2.974107742309570312e+00 0.000000000000000000e+00
-8.621937632560729980e-01 -3.006826639175415039e+00 0.000000000000000000e+00
-8.010450601577758789e-01 -2.989540338516235352e+00 0.000000000000000000e+00
-6.584318280220031738e-01 -2.851981163024902344e+00 0.000000000000000000e+00
-6.071022748947143555e-01 -2.856191158294677734e+00 0.000000000000000000e+00
-2.091300040483474731e-01 -2.990696907043457031e+00 0.000000000000000000e+00
-1.598341166973114014e-01 -3.049814462661743164e+00 0.000000000000000000e+00
-1.036865115165710449e-01 -2.969190120697021484e+00 0.000000000000000000e+00
-5.200827866792678833e-02 -2.979546070098876953e+00 0.000000000000000000e+00
-1.073579483090725262e-07 -2.940999984741210938e+00 0.000000000000000000e+00
5.157175287604331970e-02 -2.954549789428710938e+00 0.000000000000000000e+00
1.021158248186111450e-01 -2.924217700958251953e+00 0.000000000000000000e+00
1.559610366821289062e-01 -2.975916147232055664e+00 0.000000000000000000e+00
2.085019946098327637e-01 -2.981719017028808594e+00 0.000000000000000000e+00
6.428628563880920410e-01 -3.024432420730590820e+00 0.000000000000000000e+00
7.269752025604248047e-01 -2.915738821029663086e+00 0.000000000000000000e+00
7.969037294387817383e-01 -2.974085569381713867e+00 0.000000000000000000e+00
8.495142459869384766e-01 -2.962608575820922852e+00 0.000000000000000000e+00
9.010894894599914551e-01 -2.947331190109252930e+00 0.000000000000000000e+00
9.542443752288818359e-01 -2.936862707138061523e+00 0.000000000000000000e+00
1.011214613914489746e+00 -2.936780691146850586e+00 0.000000000000000000e+00
1.055132031440734863e+00 -2.898951768875122070e+00 0.000000000000000000e+00
1.181180596351623535e+00 -3.077081203460693359e+00 0.000000000000000000e+00
1.490904688835144043e+00 -2.926065444946289062e+00 0.000000000000000000e+00
1.586344242095947266e+00 -2.983479976654052734e+00 0.000000000000000000e+00
1.630899429321289062e+00 -2.942220926284790039e+00 0.000000000000000000e+00
1.709499835968017578e+00 -2.960940837860107422e+00 0.000000000000000000e+00
1.702200770378112793e+00 -2.832937955856323242e+00 0.000000000000000000e+00
1.688322782516479492e+00 -2.701881408691406250e+00 0.000000000000000000e+00
1.671497106552124023e+00 -2.573879957199096680e+00 0.000000000000000000e+00
1.716162919998168945e+00 -2.544316291809082031e+00 0.000000000000000000e+00
1.665665864944458008e+00 -2.378817558288574219e+00 0.000000000000000000e+00
1.636981844902038574e+00 -2.253112554550170898e+00 0.000000000000000000e+00
1.639945745468139648e+00 -2.176281690597534180e+00 0.000000000000000000e+00
1.640122056007385254e+00 -2.099260807037353516e+00 0.000000000000000000e+00
1.636862277984619141e+00 -2.021356821060180664e+00 0.000000000000000000e+00
1.619181990623474121e+00 -1.929666042327880859e+00 0.000000000000000000e+00
1.648676276206970215e+00 -1.896585226058959961e+00 0.000000000000000000e+00
1.634685993194580078e+00 -1.815502882003784180e+00 0.000000000000000000e+00
1.613608002662658691e+00 -1.730382919311523438e+00 0.000000000000000000e+00
1.609523296356201172e+00 -1.666710376739501953e+00 0.000000000000000000e+00
1.611496329307556152e+00 -1.611496448516845703e+00 0.000000000000000000e+00
1.635778546333312988e+00 -1.579653143882751465e+00 0.000000000000000000e+00
1.627993345260620117e+00 -1.518128514289855957e+00 0.000000000000000000e+00
1.623028278350830078e+00 -1.461381316184997559e+00 0.000000000000000000e+00
1.609040737152099609e+00 -1.398717880249023438e+00 0.000000000000000000e+00
1.607161164283752441e+00 -1.348568558692932129e+00 0.000000000000000000e+00
1.622680783271789551e+00 -1.314021110534667969e+00 0.000000000000000000e+00
1.631182193756103516e+00 -1.274419307708740234e+00 0.000000000000000000e+00
1.641196012496948242e+00 -1.236729979515075684e+00 0.000000000000000000e+00
1.616415977478027344e+00 -1.174394965171813965e+00 0.000000000000000000e+00
1.626016736030578613e+00 -1.138549327850341797e+00 0.000000000000000000e+00
1.613306999206542969e+00 -1.088189482688903809e+00 0.000000000000000000e+00
1.585087299346923828e+00 -1.029367804527282715e+00 0.000000000000000000e+00
1.619771838188171387e+00 -1.012145876884460449e+00 0.000000000000000000e+00
1.609760165214538574e+00 -9.672415852546691895e-01 0.000000000000000000e+00
1.634189844131469727e+00 -9.435000419616699219e-01 0.000000000000000000e+00
1.610174775123596191e+00 -8.925345540046691895e-01 0.000000000000000000e+00
1.595486283302307129e+00 -8.483352065086364746e-01 0.000000000000000000e+00
1.619849801063537598e+00 -8.253547549247741699e-01 0.000000000000000000e+00
1.609740138053894043e+00 -7.851228117942810059e-01 0.000000000000000000e+00
1.616853117942810059e+00 -7.539510726928710938e-01 0.000000000000000000e+00
1.616975426673889160e+00 -7.199239134788513184e-01 0.000000000000000000e+00
1.604439973831176758e+00 -6.810444593429565430e-01 0.000000000000000000e+00
1.608663916587829590e+00 -6.499425172805786133e-01 0.000000000000000000e+00
1.617894887924194336e+00 -6.210517287254333496e-01 0.000000000000000000e+00
1.614391922950744629e+00 -5.875906944274902344e-01 0.000000000000000000e+00
1.596035242080688477e+00 -5.495591163635253906e-01 0.000000000000000000e+00
1.614893913269042969e+00 -5.247108936309814453e-01 0.000000000000000000e+00
1.632412195205688477e+00 -4.990785717964172363e-01 0.000000000000000000e+00
1.612997055053710938e+00 -4.625195562839508057e-01 0.000000000000000000e+00
1.591845750808715820e+00 -4.265338480472564697e-01 0.000000000000000000e+00
1.628156185150146484e+00 -4.059450030326843262e-01 0.000000000000000000e+00
1.613556861877441406e+00 -3.725190162658691406e-01 0.000000000000000000e+00
1.636440873146057129e+00 -3.478363454341888428e-01 0.000000000000000000e+00
1.617721557617187500e+00 -3.144533038139343262e-01 0.000000000000000000e+00
1.605236649513244629e+00 -2.830466032028198242e-01 0.000000000000000000e+00
1.595116615295410156e+00 -2.526417374610900879e-01 0.000000000000000000e+00
1.566604137420654297e+00 -2.201719284057617188e-01 0.000000000000000000e+00
1.605939745903015137e+00 -1.971846818923950195e-01 0.000000000000000000e+00
1.609136462211608887e+00 -1.691271364688873291e-01 0.000000000000000000e+00
1.594907641410827637e+00 -1.395364105701446533e-01 0.000000000000000000e+00
1.596102476119995117e+00 -1.116104349493980408e-01 0.000000000000000000e+00
1.623771667480468750e+00 -8.509834855794906616e-02 0.000000000000000000e+00
1.587032675743103027e+00 -5.542048066854476929e-02 0.000000000000000000e+00
1.621752977371215820e+00 -2.830788120627403259e-02 0.000000000000000000e+00
