1.613000035285949707e+00 0.000000000000000000e+00 0.000000000000000000e+00
1.577759623527526855e+00 2.753989584743976593e-02 0.000000000000000000e+00
1.575039863586425781e+00 5.500160530209541321e-02 0.000000000000000000e+00
1.615782618522644043e+00 8.467958122491836548e-02 0.000000000000000000e+00
1.601090312004089355e+00 1.119591444730758667e-01 0.000000000000000000e+00
1.595903873443603516e+00 1.396234929561614990e-01 0.000000000000000000e+00
1.588251471519470215e+00 1.669319570064544678e-01 0.000000000000000000e+00
1.596014261245727539e+00 1.959659010171890259e-01 0.000000000000000000e+00
1.611166119575500488e+00 2.264346331357955933e-01 0.000000000000000000e+00
1.590178251266479492e+00 2.518594861030578613e-01 0.000000000000000000e+00
1.590464472770690918e+00 2.804418206214904785e-01 0.000000000000000000e+00
1.598089098930358887e+00 3.106370568275451660e-01 0.000000000000000000e+00
1.610031008720397949e+00 3.422226607799530029e-01 0.000000000000000000e+00
1.613556861877441406e+00 3.725189566612243652e-01 0.000000000000000000e+00
1.600017666816711426e+00 3.989292085170745850e-01 0.000000000000000000e+00
1.586050152778625488e+00 4.249808490276336670e-01 0.000000000000000000e+00
1.597616910934448242e+00 4.581092596054077148e-01 0.000000000000000000e+00
1.619980216026306152e+00 4.952776730060577393e-01 0.000000000000000000e+00
1.591117501258850098e+00 5.169854164123535156e-01 0.000000000000000000e+00
1.616836786270141602e+00 5.567215681076049805e-01 0.000000000000000000e+00
1.581502676010131836e+00 5.756198763847351074e-01 0.000000000000000000e+00
1.599223375320434570e+00 6.138843297958374023e-01 0.000000000000000000e+00
1.607736825942993164e+00 6.495678424835205078e-01 0.000000000000000000e+00
1.576824903488159180e+00 6.693224310874938965e-01 0.000000000000000000e+00
1.572211742401123047e+00 6.999937295913696289e-01 0.000000000000000000e+00
1.574256658554077148e+00 7.340878844261169434e-01 0.000000000000000000e+00
1.584573864936828613e+00 7.728483080863952637e-01 0.000000000000000000e+00
1.599356651306152344e+00 8.149129152297973633e-01 0.000000000000000000e+00
1.537211775779724121e+00 8.173500299453735352e-01 0.000000000000000000e+00
1.579563140869140625e+00 8.755661845207214355e-01 0.000000000000000000e+00
1.555381655693054199e+00 8.980000019073486328e-01 0.000000000000000000e+00
1.585759520530700684e+00 9.528204202651977539e-01 0.000000000000000000e+00
1.582457780838012695e+00 9.888293743133544922e-01 0.000000000000000000e+00
1.565797924995422363e+00 1.016841053962707520e+00 0.000000000000000000e+00
1.556103467941284180e+00 1.049605011940002441e+00 0.000000000000000000e+00
1.558846354484558105e+00 1.091515898704528809e+00 0.000000000000000000e+00
1.550885677337646484e+00 1.126784324645996094e+00 0.000000000000000000e+00
1.563728332519531250e+00 1.178353786468505859e+00 0.000000000000000000e+00
1.538197040557861328e+00 1.201771259307861328e+00 0.000000000000000000e+00
1.475023031234741211e+00 1.194450139999389648e+00 0.000000000000000000e+00
1.440163612365722656e+00 1.208440661430358887e+00 0.000000000000000000e+00
1.341873645782470703e+00 1.166472911834716797e+00 0.000000000000000000e+00
1.316852569580078125e+00 1.185699343681335449e+00 0.000000000000000000e+00
1.276212215423583984e+00 1.190087080001831055e+00 0.000000000000000000e+00
1.294811606407165527e+00 1.250385046005249023e+00 0.000000000000000000e+00
1.279156208038330078e+00 1.279156208038330078e+00 0.000000000000000000e+00
1.290675282478332520e+00 1.336533427238464355e+00 0.000000000000000000e+00
1.293750882148742676e+00 1.387377977371215820e+00 0.000000000000000000e+00
1.286738157272338867e+00 1.429067492485046387e+00 0.000000000000000000e+00
1.283251404762268066e+00 1.476211905479431152e+00 0.000000000000000000e+00
1.286860823631286621e+00 1.533621072769165039e+00 0.000000000000000000e+00
1.261787414550781250e+00 1.558177709579467773e+00 0.000000000000000000e+00
1.268262624740600586e+00 1.623302102088928223e+00 0.000000000000000000e+00
1.264413475990295410e+00 1.677933216094970703e+00 0.000000000000000000e+00
1.261975049972534180e+00 1.736959576606750488e+00 0.000000000000000000e+00
1.257279515266418457e+00 1.795581221580505371e+00 0.000000000000000000e+00
1.248118638992309570e+00 1.850411891937255859e+00 0.000000000000000000e+00
1.481418251991271973e+00 2.281183958053588867e+00 0.000000000000000000e+00
1.524999976158142090e+00 2.641377449035644531e+00 0.000000000000000000e+00
1.546057820320129395e+00 2.789162158966064453e+00 0.000000000000000000e+00
1.351929783821105957e+00 3.184946775436401367e+00 0.000000000000000000e+00
6.782079935073852539e-01 3.190717458724975586e+00 0.000000000000000000e+00
6.205108761787414551e-01 3.192251682281494141e+00 0.000000000000000000e+00
5.607100129127502441e-01 3.179944276809692383e+00 0.000000000000000000e+00
5.070041418075561523e-01 3.201097726821899414e+00 0.000000000000000000e+00
4.486941099166870117e-01 3.192624330520629883e+00 0.000000000000000000e+00
3.903475403785705566e-01 3.179125308990478516e+00 0.000000000000000000e+00
3.299964070320129395e-01 3.139705657958984375e+00 0.000000000000000000e+00
2.776782512664794922e-01 3.173876523971557617e+00 0.000000000000000000e+00
2.224534302949905396e-01 3.181231737136840820e+00 0.000000000000000000e+00
8.072256296873092651e-02 2.311590909957885742e+00 0.000000000000000000e+00
-8.445675671100616455e-02 2.418525934219360352e+00 0.000000000000000000e+00
-1.241408586502075195e-01 2.368749141693115234e+00 0.000000000000000000e+00
-1.666481792926788330e-01 2.383180379867553711e+00 0.000000000000000000e+00
-2.120499014854431152e-01 2.423741817474365234e+00 0.000000000000000000e+00
-3.284283876419067383e-01 3.124787807464599609e+00 0.000000000000000000e+00
-3.795011043548583984e-01 3.090788841247558594e+00 0.000000000000000000e+00
-4.312973916530609131e-01 3.068840742111206055e+00 0.000000000000000000e+00
-4.840082228183746338e-01 3.055907726287841797e+00 0.000000000000000000e+00
-5.447342991828918457e-01 3.089342117309570312e+00 0.000000000000000000e+00
-6.281431913375854492e-01 3.231516838073730469e+00 0.000000000000000000e+00
-6.856927275657653809e-01 3.225930929183959961e+00 0.000000000000000000e+00
-1.634686112403869629e+00 1.815502882003784180e+00 0.000000000000000000e+00
-1.650436043739318848e+00 1.769876003265380859e+00 0.000000000000000000e+00
-1.674126744270324707e+00 1.733608961105346680e+00 0.000000000000000000e+00
-1.727461934089660645e+00 1.727461934089660645e+00 0.000000000000000000e+00
-1.753750324249267578e+00 1.693577170372009277e+00 0.000000000000000000e+00
-1.757442951202392578e+00 1.638842225074768066e+00 0.000000000000000000e+00
-1.798410534858703613e+00 1.619296193122863770e+00 0.000000000000000000e+00
-1.840736508369445801e+00 1.600127935409545898e+00 0.000000000000000000e+00
-1.842336893081665039e+00 1.545904159545898438e+00 0.000000000000000000e+00
-1.891573309898376465e+00 1.531765818595886230e+00 0.000000000000000000e+00
-1.972390890121459961e+00 1.541000723838806152e+00 0.000000000000000000e+00
-3.140386343002319336e+00 1.531668782234191895e+00 0.000000000000000000e+00
-3.193754911422729492e+00 1.421951413154602051e+00 0.000000000000000000e+00
-3.268818378448486328e+00 6.353940367698669434e-01 0.000000000000000000e+00
-3.418267726898193359e+00 6.027328968048095703e-01 0.000000000000000000e+00
-1.715144276618957520e+00 2.410478442907333374e-01 0.000000000000000000e+00
-1.716112256050109863e+00 2.107121348381042480e-01 0.000000000000000000e+00
-1.751353144645690918e+00 1.840746700763702393e-01 0.000000000000000000e+00
-1.717439651489257812e+00 1.502565443515777588e-01 0.000000000000000000e+00
-1.667927145957946777e+00 1.166328638792037964e-01 0.000000000000000000e+00
-1.661719560623168945e+00 8.708707243204116821e-02 0.000000000000000000e+00
-1.916831612586975098e+00 6.693728268146514893e-02 0.000000000000000000e+00
-1.743999958038330078e+00 4.244185802804167906e-08 0.000000000000000000e+00
-1.170309185981750488e+00 -1.255002856254577637e+00 0.000000000000000000e+00
-1.148897290229797363e+00 -1.275979638099670410e+00 0.000000000000000000e+00
-1.103491306304931641e+00 -1.269421458244323730e+00 0.000000000000000000e+00
-1.076669216156005859e+00 -1.283124327659606934e+00 0.000000000000000000e+00
-1.057887673377990723e+00 -1.306382298469543457e+00 0.000000000000000000e+00
-1.010916113853454590e+00 -1.293913602828979492e+00 0.000000000000000000e+00
-9.996147751808166504e-01 -1.326533555984497070e+00 0.000000000000000000e+00
-9.357541799545288086e-01 -1.287955045700073242e+00 0.000000000000000000e+00
-9.033829569816589355e-01 -1.290164470672607422e+00 0.000000000000000000e+00
-8.846431970596313477e-01 -1.311537384986877441e+00 0.000000000000000000e+00
-8.529047369956970215e-01 -1.313358068466186523e+00 0.000000000000000000e+00
-8.372725248336791992e-01 -1.339915990829467773e+00 0.000000000000000000e+00
-7.926436662673950195e-01 -1.319180488586425781e+00 0.000000000000000000e+00
-7.695000767707824707e-01 -1.332813143730163574e+00 0.000000000000000000e+00
-1.688107252120971680e+00 -3.045425891876220703e+00 0.000000000000000000e+00
-1.028144359588623047e+00 -2.985947608947753906e+00 0.000000000000000000e+00
-9.780389070510864258e-01 -3.010093688964843750e+00 0.000000000000000000e+00
-9.083990454673767090e-01 -2.971238851547241211e+00 0.000000000000000000e+00
-8.500657081604003906e-01 -2.964531183242797852e+00 0.000000000000000000e+00
-8.044096827507019043e-01 -3.002097368240356445e+00 0.000000000000000000e+00
-7.460872530937194824e-01 -2.992392063140869141e+00 0.000000000000000000e+00
-6.609063148498535156e-01 -2.862699270248413086e+00 0.000000000000000000e+00
-2.049446254968643188e-01 -2.930843114852905273e+00 0.000000000000000000e+00
-1.569556444883346558e-01 -2.994889974594116211e+00 0.000000000000000000e+00
-1.041053086519241333e-01 -2.981182813644409180e+00 0.000000000000000000e+00
-5.171158909797668457e-02 -2.962548732757568359e+00 0.000000000000000000e+00
-1.087085905737694702e-07 -2.977999925613403320e+00 0.000000000000000000e+00
5.209532380104064941e-02 -2.984545230865478516e+00 0.000000000000000000e+00
1.032675057649612427e-01 -2.957197666168212891e+00 0.000000000000000000e+00
1.540246158838272095e-01 -2.938966751098632812e+00 0.000000000000000000e+00
2.046653926372528076e-01 -2.926852941513061523e+00 0.000000000000000000e+00
6.218637228012084961e-01 -2.925639390945434570e+00 0.000000000000000000e+00
7.860333323478698730e-01 -2.933516740798950195e+00 0.000000000000000000e+00
8.459309339523315430e-01 -2.950112104415893555e+00 0.000000000000000000e+00
8.891022205352783203e-01 -2.908122777938842773e+00 0.000000000000000000e+00
9.465189576148986816e-01 -2.913086175918579102e+00 0.000000000000000000e+00
1.012191295623779297e+00 -2.939617156982421875e+00 0.000000000000000000e+00
1.065392613410949707e+00 -2.927142620086669922e+00 0.000000000000000000e+00
1.115599274635314941e+00 -2.906235933303833008e+00 0.000000000000000000e+00
1.499530434608459473e+00 -2.942994594573974609e+00 0.000000000000000000e+00
1.551133871078491211e+00 -2.917258739471435547e+00 0.000000000000000000e+00
1.621203303337097168e+00 -2.924728393554687500e+00 0.000000000000000000e+00
1.654499888420104980e+00 -2.865678071975708008e+00 0.000000000000000000e+00
1.675418734550476074e+00 -2.788365364074707031e+00 0.000000000000000000e+00
1.669245600700378418e+00 -2.671351671218872070e+00 0.000000000000000000e+00
1.639363408088684082e+00 -2.524398565292358398e+00 0.000000000000000000e+00
1.650737285614013672e+00 -2.447318792343139648e+00 0.000000000000000000e+00
1.627809882164001465e+00 -2.324753522872924805e+00 0.000000000000000000e+00
1.659905433654785156e+00 -2.284663915634155273e+00 0.000000000000000000e+00
1.663416624069213867e+00 -2.207428455352783203e+00 0.000000000000000000e+00
1.625961899757385254e+00 -2.081136465072631836e+00 0.000000000000000000e+00
1.611689448356628418e+00 -1.990270972251892090e+00 0.000000000000000000e+00
1.637822866439819336e+00 -1.951881408691406250e+00 0.000000000000000000e+00
1.613905191421508789e+00 -1.856585621833801270e+00 0.000000000000000000e+00
1.629332900047302246e+00 -1.809557676315307617e+00 0.000000000000000000e+00
1.635432004928588867e+00 -1.753786206245422363e+00 0.000000000000000000e+00
1.624805808067321777e+00 -1.682535886764526367e+00 0.000000000000000000e+00
1.606546640396118164e+00 -1.606546759605407715e+00 0.000000000000000000e+00
1.620672464370727539e+00 -1.565065383911132812e+00 0.000000000000000000e+00
1.640426278114318848e+00 -1.529722452163696289e+00 0.000000000000000000e+00
1.633432269096374512e+00 -1.470749139785766602e+00 0.000000000000000000e+00
1.644512057304382324e+00 -1.429552674293518066e+00 0.000000000000000000e+00
1.615587592124938965e+00 -1.355639100074768066e+00 0.000000000000000000e+00
1.617240786552429199e+00 -1.309615850448608398e+00 0.000000000000000000e+00
1.609117984771728516e+00 -1.257180809974670410e+00 0.000000000000000000e+00
1.633209586143493652e+00 -1.230711817741394043e+00 0.000000000000000000e+00
1.618033885955810547e+00 -1.175570607185363770e+00 0.000000000000000000e+00
1.562122821807861328e+00 -1.093810319900512695e+00 0.000000000000000000e+00
1.642323374748229980e+00 -1.107761144638061523e+00 0.000000000000000000e+00
1.650503635406494141e+00 -1.071849703788757324e+00 0.000000000000000000e+00
1.635884761810302734e+00 -1.022214293479919434e+00 0.000000000000000000e+00
1.608045816421508789e+00 -9.662114977836608887e-01 0.000000000000000000e+00
1.573568105697631836e+00 -9.085000753402709961e-01 0.000000000000000000e+00
1.609300255775451660e+00 -8.920497894287109375e-01 0.000000000000000000e+00
1.614911079406738281e+00 -8.586635589599609375e-01 0.000000000000000000e+00
1.616285800933837891e+00 -8.235388398170471191e-01 0.000000000000000000e+00
1.616930484771728516e+00 -7.886297702789306641e-01 0.000000000000000000e+00
1.621384620666503906e+00 -7.560641765594482422e-01 0.000000000000000000e+00
1.631592154502868652e+00 -7.264317274093627930e-01 0.000000000000000000e+00
1.627452611923217773e+00 -6.908127069473266602e-01 0.000000000000000000e+00
1.621644496917724609e+00 -6.551870107650756836e-01 0.000000000000000000e+00
1.624429941177368164e+00 -6.235603094100952148e-01 0.000000000000000000e+00
1.629426956176757812e+00 -5.930629968643188477e-01 0.000000000000000000e+00
1.627237439155578613e+00 -5.603028535842895508e-01 0.000000000000000000e+00
1.598725914955139160e+00 -5.194576382637023926e-01 0.000000000000000000e+00
1.585553288459777832e+00 -4.847523570060729980e-01 0.000000000000000000e+00
1.640873670578002930e+00 -4.705130457878112793e-01 0.000000000000000000e+00
1.641107916831970215e+00 -4.397336244583129883e-01 0.000000000000000000e+00
1.650472998619079590e+00 -4.115092158317565918e-01 0.000000000000000000e+00
1.550222754478454590e+00 -3.578971922397613525e-01 0.000000000000000000e+00
1.608074665069580078e+00 -3.418069183826446533e-01 0.000000000000000000e+00
1.630482792854309082e+00 -3.169338107109069824e-01 0.000000000000000000e+00
1.599327683448791504e+00 -2.820047140121459961e-01 0.000000000000000000e+00
1.618821263313293457e+00 -2.563961744308471680e-01 0.000000000000000000e+00
1.600273251533508301e+00 -2.249038219451904297e-01 0.000000000000000000e+00
1.610902428627014160e+00 -1.977940201759338379e-01 0.000000000000000000e+00
1.610130906105041504e+00 -1.692316532135009766e-01 0.000000000000000000e+00
1.606862068176269531e+00 -1.405822932720184326e-01 0.000000000000000000e+00
1.550214529037475586e+00 -1.084016337990760803e-01 0.000000000000000000e+00
1.608792066574096680e+00 -8.431330323219299316e-02 0.000000000000000000e+00
1.605021595954895020e+00 -5.604866892099380493e-02 0.000000000000000000e+00
1.631751418113708496e+00 -2.848240546882152557e-02 0.000000000000000000e+00
