1.595999956130981445e+00 0.000000000000000000e+00 0.000000000000000000e+00
1.599756360054016113e+00 2.792385034263134003e-02 0.000000000000000000e+00
1.585033774375915527e+00 5.535060167312622070e-02 0.000000000000000000e+00
1.587821006774902344e+00 8.321417123079299927e-02 0.000000000000000000e+00
1.588122010231018066e+00 1.110523045063018799e-01 0.000000000000000000e+00
1.564025759696960449e+00 1.368345171213150024e-01 0.000000000000000000e+00
1.563388466835021973e+00 1.643187403678894043e-01 0.000000000000000000e+00
1.530506253242492676e+00 1.879225373268127441e-01 0.000000000000000000e+00
1.539866805076599121e+00 2.164141684770584106e-01 0.000000000000000000e+00
1.564498305320739746e+00 2.477921843528747559e-01 0.000000000000000000e+00
1.562889933586120605e+00 2.755796611309051514e-01 0.000000000000000000e+00
1.548026084899902344e+00 3.009057939052581787e-01 0.000000000000000000e+00
1.542538762092590332e+00 3.278767466545104980e-01 0.000000000000000000e+00
1.565812706947326660e+00 3.614963293075561523e-01 0.000000000000000000e+00
1.510750532150268555e+00 3.766723871231079102e-01 0.000000000000000000e+00
1.537753939628601074e+00 4.120399057865142822e-01 0.000000000000000000e+00
1.542824983596801758e+00 4.423979520797729492e-01 0.000000000000000000e+00
1.488010168075561523e+00 4.549303650856018066e-01 0.000000000000000000e+00
1.526445746421813965e+00 4.959722757339477539e-01 0.000000000000000000e+00
1.494864821434020996e+00 5.147232413291931152e-01 0.000000000000000000e+00
1.498809814453125000e+00 5.455221533775329590e-01 0.000000000000000000e+00
1.506798744201660156e+00 5.784058570861816406e-01 0.000000000000000000e+00
1.489057183265686035e+00 6.016181707382202148e-01 0.000000000000000000e+00
1.498581886291503906e+00 6.361103057861328125e-01 0.000000000000000000e+00
1.486338496208190918e+00 6.617605090141296387e-01 0.000000000000000000e+00
1.483625769615173340e+00 6.918260455131530762e-01 0.000000000000000000e+00
1.483010172843933105e+00 7.233123779296875000e-01 0.000000000000000000e+00
1.484416842460632324e+00 7.563481926918029785e-01 0.000000000000000000e+00
1.497479081153869629e+00 7.962237596511840820e-01 0.000000000000000000e+00
1.463238716125488281e+00 8.110864758491516113e-01 0.000000000000000000e+00
1.472243189811706543e+00 8.500000238418579102e-01 0.000000000000000000e+00
1.473470568656921387e+00 8.853504061698913574e-01 0.000000000000000000e+00
1.464579105377197266e+00 9.151705503463745117e-01 0.000000000000000000e+00
1.436642765998840332e+00 9.329667091369628906e-01 0.000000000000000000e+00
1.459106087684631348e+00 9.841794967651367188e-01 0.000000000000000000e+00
1.438431024551391602e+00 1.007200241088867188e+00 0.000000000000000000e+00
1.438432216644287109e+00 1.045082211494445801e+00 0.000000000000000000e+00
1.428758978843688965e+00 1.076647043228149414e+00 0.000000000000000000e+00
1.404235124588012695e+00 1.097108721733093262e+00 0.000000000000000000e+00
1.408188462257385254e+00 1.140328526496887207e+00 0.000000000000000000e+00
1.409521818161010742e+00 1.182729244232177734e+00 0.000000000000000000e+00
1.421118140220642090e+00 1.235359191894531250e+00 0.000000000000000000e+00
1.401571154594421387e+00 1.261980295181274414e+00 0.000000000000000000e+00
1.393228769302368164e+00 1.299206852912902832e+00 0.000000000000000000e+00
1.385448455810546875e+00 1.337911963462829590e+00 0.000000000000000000e+00
1.334310531616210938e+00 1.334310412406921387e+00 0.000000000000000000e+00
1.276782155036926270e+00 1.322146534919738770e+00 0.000000000000000000e+00
1.232371091842651367e+00 1.321556210517883301e+00 0.000000000000000000e+00
1.181684732437133789e+00 1.312393784523010254e+00 0.000000000000000000e+00
1.138918399810791016e+00 1.310175776481628418e+00 0.000000000000000000e+00
1.115879297256469727e+00 1.329853057861328125e+00 0.000000000000000000e+00
1.108233213424682617e+00 1.368554115295410156e+00 0.000000000000000000e+00
1.100187063217163086e+00 1.408175110816955566e+00 0.000000000000000000e+00
1.100117802619934082e+00 1.459905624389648438e+00 0.000000000000000000e+00
1.101509571075439453e+00 1.516097784042358398e+00 0.000000000000000000e+00
1.084633111953735352e+00 1.549016475677490234e+00 0.000000000000000000e+00
1.076446294784545898e+00 1.595897316932678223e+00 0.000000000000000000e+00
1.062590718269348145e+00 1.636246204376220703e+00 0.000000000000000000e+00
1.029103279113769531e+00 1.646909475326538086e+00 0.000000000000000000e+00
1.053252935409545898e+00 1.752907156944274902e+00 0.000000000000000000e+00
1.024999976158142090e+00 1.775352001190185547e+00 0.000000000000000000e+00
1.024402737617492676e+00 1.848071336746215820e+00 0.000000000000000000e+00
1.015936493873596191e+00 1.910698652267456055e+00 0.000000000000000000e+00
9.928772449493408203e-01 1.948631286621093750e+00 0.000000000000000000e+00
1.177903294563293457e+00 2.415059566497802734e+00 0.000000000000000000e+00
1.142107129096984863e+00 2.690635681152343750e+00 0.000000000000000000e+00
1.129438996315002441e+00 2.795459508895874023e+00 0.000000000000000000e+00
8.797259330749511719e-01 3.283181905746459961e+00 0.000000000000000000e+00
2.763708829879760742e-01 3.158933401107788086e+00 0.000000000000000000e+00
2.222441732883453369e-01 3.178239107131958008e+00 0.000000000000000000e+00
1.693591922521591187e-01 3.231565237045288086e+00 0.000000000000000000e+00
1.116435229778289795e-01 3.197051048278808594e+00 0.000000000000000000e+00
5.497511848807334900e-02 3.149520397186279297e+00 0.000000000000000000e+00
3.856027674942197336e-08 3.168999910354614258e+00 0.000000000000000000e+00
-5.548115819692611694e-02 3.178515672683715820e+00 0.000000000000000000e+00
-1.123065352439880371e-01 3.216039657592773438e+00 0.000000000000000000e+00
-1.637591719627380371e-01 3.124711751937866211e+00 0.000000000000000000e+00
-2.340329289436340332e-01 3.346827507019042969e+00 0.000000000000000000e+00
-2.755864262580871582e-01 3.149967670440673828e+00 0.000000000000000000e+00
-3.400310575962066650e-01 3.235179662704467773e+00 0.000000000000000000e+00
-3.816947340965270996e-01 3.108654499053955078e+00 0.000000000000000000e+00
-4.339416921138763428e-01 3.087655782699584961e+00 0.000000000000000000e+00
-4.846339523792266846e-01 3.059858560562133789e+00 0.000000000000000000e+00
-5.423032045364379883e-01 3.075554609298706055e+00 0.000000000000000000e+00
-6.016207337379455566e-01 3.095070600509643555e+00 0.000000000000000000e+00
-6.447341442108154297e-01 3.033235788345336914e+00 0.000000000000000000e+00
-6.975731849670410156e-01 3.021521568298339844e+00 0.000000000000000000e+00
-7.528609037399291992e-01 3.019560337066650391e+00 0.000000000000000000e+00
-1.429089903831481934e+00 2.930068492889404297e+00 0.000000000000000000e+00
-1.507702469825744629e+00 2.959032773971557617e+00 0.000000000000000000e+00
-1.553481340408325195e+00 2.921673536300659180e+00 0.000000000000000000e+00
-1.623627305030822754e+00 2.929101467132568359e+00 0.000000000000000000e+00
-1.659000039100646973e+00 2.873472452163696289e+00 0.000000000000000000e+00
-1.733103036880493164e+00 2.884367942810058594e+00 0.000000000000000000e+00
-1.778939008712768555e+00 2.846897602081298828e+00 0.000000000000000000e+00
-1.875192165374755859e+00 2.887542963027954102e+00 0.000000000000000000e+00
-1.932011365890502930e+00 2.864324808120727539e+00 0.000000000000000000e+00
-1.995472431182861328e+00 2.849830150604248047e+00 0.000000000000000000e+00
-2.052546024322509766e+00 2.825087547302246094e+00 0.000000000000000000e+00
-2.202586412429809570e+00 1.927013993263244629e-01 0.000000000000000000e+00
-2.210602045059204102e+00 1.545803993940353394e-01 0.000000000000000000e+00
-6.388454437255859375e-01 -1.505025386810302734e+00 0.000000000000000000e+00
-5.504648685455322266e-01 -3.121840715408325195e+00 0.000000000000000000e+00
-4.980874359607696533e-01 -3.144799709320068359e+00 0.000000000000000000e+00
-4.382562041282653809e-01 -3.118354082107543945e+00 0.000000000000000000e+00
-3.890070319175720215e-01 -3.168207168579101562e+00 0.000000000000000000e+00
1.600955724716186523e-01 -3.054807662963867188e+00 0.000000000000000000e+00
2.118503004312515259e-01 -3.029602050781250000e+00 0.000000000000000000e+00
2.635588347911834717e-01 -3.012492656707763672e+00 0.000000000000000000e+00
3.248743414878845215e-01 -3.090974092483520508e+00 0.000000000000000000e+00
3.910786211490631104e-01 -3.185080766677856445e+00 0.000000000000000000e+00
4.175191819667816162e-01 -2.970804214477539062e+00 0.000000000000000000e+00
4.663310348987579346e-01 -2.944298982620239258e+00 0.000000000000000000e+00
5.232018232345581055e-01 -2.967225790023803711e+00 0.000000000000000000e+00
5.951331257820129395e-01 -3.061695098876953125e+00 0.000000000000000000e+00
1.034952878952026367e+00 -2.843509912490844727e+00 0.000000000000000000e+00
1.099472761154174805e+00 -2.864224910736083984e+00 0.000000000000000000e+00
1.157908916473388672e+00 -2.865925312042236328e+00 0.000000000000000000e+00
1.215564489364624023e+00 -2.863690614700317383e+00 0.000000000000000000e+00
1.339383602142333984e+00 -3.008305311203002930e+00 0.000000000000000000e+00
1.340967655181884766e+00 -2.875714778900146484e+00 0.000000000000000000e+00
1.377362012863159180e+00 -2.824010848999023438e+00 0.000000000000000000e+00
1.489996790885925293e+00 -2.924283504486083984e+00 0.000000000000000000e+00
1.504186749458312988e+00 -2.828964233398437500e+00 0.000000000000000000e+00
1.634777903556823730e+00 -2.949217796325683594e+00 0.000000000000000000e+00
1.603499889373779297e+00 -2.777343511581420898e+00 0.000000000000000000e+00
1.651211977005004883e+00 -2.748078584671020508e+00 0.000000000000000000e+00
1.710049390792846680e+00 -2.736651182174682617e+00 0.000000000000000000e+00
1.806567549705505371e+00 -2.781870365142822266e+00 0.000000000000000000e+00
1.853724360466003418e+00 -2.748259782791137695e+00 0.000000000000000000e+00
1.920333862304687500e+00 -2.742521047592163086e+00 0.000000000000000000e+00
1.977309465408325195e+00 -2.721533298492431641e+00 0.000000000000000000e+00
2.089501619338989258e+00 -2.772862434387207031e+00 0.000000000000000000e+00
2.116643905639648438e+00 -2.709181070327758789e+00 0.000000000000000000e+00
1.950893044471740723e+00 -2.409152507781982422e+00 0.000000000000000000e+00
1.930291056632995605e+00 -2.300431489944458008e+00 0.000000000000000000e+00
1.915692329406738281e+00 -2.203752040863037109e+00 0.000000000000000000e+00
1.925757765769958496e+00 -2.138770818710327148e+00 0.000000000000000000e+00
1.885725498199462891e+00 -2.022193193435668945e+00 0.000000000000000000e+00
1.876966714859008789e+00 -1.943656206130981445e+00 0.000000000000000000e+00
1.861811995506286621e+00 -1.861812114715576172e+00 0.000000000000000000e+00
1.850861191749572754e+00 -1.787356019020080566e+00 0.000000000000000000e+00
1.834966421127319336e+00 -1.711133956909179688e+00 0.000000000000000000e+00
1.803612470626831055e+00 -1.623980045318603516e+00 0.000000000000000000e+00
1.794699311256408691e+00 -1.560108423233032227e+00 0.000000000000000000e+00
1.783351421356201172e+00 -1.496409654617309570e+00 0.000000000000000000e+00
1.808418512344360352e+00 -1.464428544044494629e+00 0.000000000000000000e+00
1.795088529586791992e+00 -1.402477025985717773e+00 0.000000000000000000e+00
1.788943529129028320e+00 -1.348065733909606934e+00 0.000000000000000000e+00
1.786309480667114258e+00 -1.297829866409301758e+00 0.000000000000000000e+00
1.772644996643066406e+00 -1.241219520568847656e+00 0.000000000000000000e+00
1.751756310462951660e+00 -1.181574583053588867e+00 0.000000000000000000e+00
1.747789502143859863e+00 -1.135027885437011719e+00 0.000000000000000000e+00
1.759699821472167969e+00 -1.099582552909851074e+00 0.000000000000000000e+00
1.755478620529174805e+00 -1.054798126220703125e+00 0.000000000000000000e+00
1.759763598442077637e+00 -1.016000151634216309e+00 0.000000000000000000e+00
1.748364686965942383e+00 -9.691345095634460449e-01 0.000000000000000000e+00
1.754416823387145996e+00 -9.328400492668151855e-01 0.000000000000000000e+00
1.750827789306640625e+00 -8.920914530754089355e-01 0.000000000000000000e+00
1.739166378974914551e+00 -8.482482433319091797e-01 0.000000000000000000e+00
1.709296464920043945e+00 -7.970581054687500000e-01 0.000000000000000000e+00
1.705589294433593750e+00 -7.593773603439331055e-01 0.000000000000000000e+00
1.727787494659423828e+00 -7.334023714065551758e-01 0.000000000000000000e+00
1.687474608421325684e+00 -6.817840933799743652e-01 0.000000000000000000e+00
1.707518577575683594e+00 -6.554550528526306152e-01 0.000000000000000000e+00
1.712119936943054199e+00 -6.231607794761657715e-01 0.000000000000000000e+00
1.671676874160766602e+00 -5.756045579910278320e-01 0.000000000000000000e+00
1.694782614707946777e+00 -5.506683588027954102e-01 0.000000000000000000e+00
1.662057638168334961e+00 -5.081421136856079102e-01 0.000000000000000000e+00
1.663943886756896973e+00 -4.771283268928527832e-01 0.000000000000000000e+00
1.651733160018920898e+00 -4.425806403160095215e-01 0.000000000000000000e+00
1.660175919532775879e+00 -4.139284193515777588e-01 0.000000000000000000e+00
1.644736647605895996e+00 -3.797174394130706787e-01 0.000000000000000000e+00
1.602205753326416016e+00 -3.405594229698181152e-01 0.000000000000000000e+00
1.621648073196411133e+00 -3.152165412902832031e-01 0.000000000000000000e+00
1.658416271209716797e+00 -2.924236059188842773e-01 0.000000000000000000e+00
1.636599540710449219e+00 -2.592119872570037842e-01 0.000000000000000000e+00
1.651767134666442871e+00 -2.321408092975616455e-01 0.000000000000000000e+00
1.634723424911499023e+00 -2.007188796997070312e-01 0.000000000000000000e+00
1.628032326698303223e+00 -1.711131632328033447e-01 0.000000000000000000e+00
1.638740301132202148e+00 -1.433712691068649292e-01 0.000000000000000000e+00
1.595104932785034180e+00 -1.115406751632690430e-01 0.000000000000000000e+00
1.629763364791870117e+00 -8.541236072778701782e-02 0.000000000000000000e+00
1.604022264480590820e+00 -5.601377040147781372e-02 0.000000000000000000e+00
1.580759167671203613e+00 -2.759233117103576660e-02 0.000000000000000000e+00
