1.699000000953674316e+00 0.000000000000000000e+00 0.000000000000000000e+00
1.639750242233276367e+00 2.862194553017616272e-02 0.000000000000000000e+00
1.716953516006469727e+00 5.995733663439750671e-02 0.000000000000000000e+00
1.704660654067993164e+00 8.933747559785842896e-02 0.000000000000000000e+00
1.693863749504089355e+00 1.184464916586875916e-01 0.000000000000000000e+00
1.668626070022583008e+00 1.459858566522598267e-01 0.000000000000000000e+00
1.669802308082580566e+00 1.755032837390899658e-01 0.000000000000000000e+00
1.684350848197937012e+00 2.068122774362564087e-01 0.000000000000000000e+00
1.696329236030578613e+00 2.384035289287567139e-01 0.000000000000000000e+00
1.663267135620117188e+00 2.634356319904327393e-01 0.000000000000000000e+00
1.624932765960693359e+00 2.865194976329803467e-01 0.000000000000000000e+00
1.655023455619812012e+00 3.217039704322814941e-01 0.000000000000000000e+00
1.672632455825805664e+00 3.555290102958679199e-01 0.000000000000000000e+00
1.669095993041992188e+00 3.853411674499511719e-01 0.000000000000000000e+00
1.638829469680786133e+00 4.086060822010040283e-01 0.000000000000000000e+00
1.611164212226867676e+00 4.317101538181304932e-01 0.000000000000000000e+00
1.644718766212463379e+00 4.716154932975769043e-01 0.000000000000000000e+00
1.634324789047241211e+00 4.996632337570190430e-01 0.000000000000000000e+00
1.643425703048706055e+00 5.339813828468322754e-01 0.000000000000000000e+00
1.659385085105895996e+00 5.713720917701721191e-01 0.000000000000000000e+00
1.610633134841918945e+00 5.862225294113159180e-01 0.000000000000000000e+00
1.654304504394531250e+00 6.350280046463012695e-01 0.000000000000000000e+00
1.612372636795043945e+00 6.514408588409423828e-01 0.000000000000000000e+00
1.602599024772644043e+00 6.802629232406616211e-01 0.000000000000000000e+00
1.627024531364440918e+00 7.243979573249816895e-01 0.000000000000000000e+00
1.626822471618652344e+00 7.585997581481933594e-01 0.000000000000000000e+00
1.619626879692077637e+00 7.899448275566101074e-01 0.000000000000000000e+00
1.609157800674438477e+00 8.199068307876586914e-01 0.000000000000000000e+00
1.608730554580688477e+00 8.553771972656250000e-01 0.000000000000000000e+00
1.611049532890319824e+00 8.930193185806274414e-01 0.000000000000000000e+00
1.600414991378784180e+00 9.240000247955322266e-01 0.000000000000000000e+00
1.585759520530700684e+00 9.528204202651977539e-01 0.000000000000000000e+00
1.604506969451904297e+00 1.002607226371765137e+00 0.000000000000000000e+00
1.592635512351989746e+00 1.034269571304321289e+00 0.000000000000000000e+00
1.596726417541503906e+00 1.077005505561828613e+00 0.000000000000000000e+00
1.591612339019775391e+00 1.114459037780761719e+00 0.000000000000000000e+00
1.568683981895446777e+00 1.139715552330017090e+00 0.000000000000000000e+00
1.576506495475769043e+00 1.187982797622680664e+00 0.000000000000000000e+00
1.563413262367248535e+00 1.221472382545471191e+00 0.000000000000000000e+00
1.573720693588256836e+00 1.274373888969421387e+00 0.000000000000000000e+00
1.573455214500427246e+00 1.320285677909851074e+00 0.000000000000000000e+00
1.524513363838195801e+00 1.325239181518554688e+00 0.000000000000000000e+00
1.452848196029663086e+00 1.308150410652160645e+00 0.000000000000000000e+00
1.427602410316467285e+00 1.331260800361633301e+00 0.000000000000000000e+00
1.358113527297973633e+00 1.311514973640441895e+00 0.000000000000000000e+00
1.308854579925537109e+00 1.308854579925537109e+00 0.000000000000000000e+00
1.284423351287841797e+00 1.330059289932250977e+00 0.000000000000000000e+00
1.284202933311462402e+00 1.377138972282409668e+00 0.000000000000000000e+00
1.286069035530090332e+00 1.428324341773986816e+00 0.000000000000000000e+00
1.273410558700561523e+00 1.464891314506530762e+00 0.000000000000000000e+00
1.272719502449035645e+00 1.516767978668212891e+00 0.000000000000000000e+00
1.263675332069396973e+00 1.560508966445922852e+00 0.000000000000000000e+00
1.251639842987060547e+00 1.602025866508483887e+00 0.000000000000000000e+00
1.250571727752685547e+00 1.659564614295959473e+00 0.000000000000000000e+00
1.253745913505554199e+00 1.725633144378662109e+00 0.000000000000000000e+00
1.243513703346252441e+00 1.775921583175659180e+00 0.000000000000000000e+00
1.229665160179138184e+00 1.823053479194641113e+00 0.000000000000000000e+00
1.219991445541381836e+00 1.878622055053710938e+00 0.000000000000000000e+00
1.212985277175903320e+00 1.941182136535644531e+00 0.000000000000000000e+00
1.454467535018920898e+00 2.420640230178833008e+00 0.000000000000000000e+00
1.430500030517578125e+00 2.477698802947998047e+00 0.000000000000000000e+00
1.524843573570251465e+00 2.867813587188720703e+00 0.000000000000000000e+00
1.424622178077697754e+00 2.795978546142578125e+00 0.000000000000000000e+00
1.019679427146911621e+00 2.961364030838012695e+00 0.000000000000000000e+00
5.695660710334777832e-01 3.230169296264648438e+00 0.000000000000000000e+00
5.162337422370910645e-01 3.259371519088745117e+00 0.000000000000000000e+00
4.620547294616699219e-01 3.287689924240112305e+00 0.000000000000000000e+00
3.946129679679870605e-01 3.213864326477050781e+00 0.000000000000000000e+00
3.385677337646484375e-01 3.221256494522094727e+00 0.000000000000000000e+00
2.813387811183929443e-01 3.215716361999511719e+00 0.000000000000000000e+00
2.241275906562805176e-01 3.205173254013061523e+00 0.000000000000000000e+00
1.682601273059844971e-01 3.210593938827514648e+00 0.000000000000000000e+00
1.110502332448959351e-01 3.180061578750610352e+00 0.000000000000000000e+00
5.485294759273529053e-02 3.142521142959594727e+00 0.000000000000000000e+00
3.869412878998446104e-08 3.180000066757202148e+00 0.000000000000000000e+00
-5.532409250736236572e-02 3.169517278671264648e+00 0.000000000000000000e+00
-1.103870719671249390e-01 3.161073207855224609e+00 0.000000000000000000e+00
-1.655385941267013550e-01 3.158665418624877930e+00 0.000000000000000000e+00
-2.187562584877014160e-01 3.128360748291015625e+00 0.000000000000000000e+00
-2.736690044403076172e-01 3.128051519393920898e+00 0.000000000000000000e+00
-3.301008343696594238e-01 3.140700101852416992e+00 0.000000000000000000e+00
-3.883975744247436523e-01 3.163244724273681641e+00 0.000000000000000000e+00
-7.997359633445739746e-01 2.461334228515625000e+00 0.000000000000000000e+00
-9.301482439041137695e-01 2.701346635818481445e+00 0.000000000000000000e+00
-1.109855294227600098e+00 3.049302577972412109e+00 0.000000000000000000e+00
-1.179030537605285645e+00 3.071479558944702148e+00 0.000000000000000000e+00
-1.248189091682434082e+00 3.089376688003540039e+00 0.000000000000000000e+00
-1.307386279106140137e+00 3.080009222030639648e+00 0.000000000000000000e+00
-1.348331928253173828e+00 3.028403282165527344e+00 0.000000000000000000e+00
-1.427604436874389648e+00 3.061507701873779297e+00 0.000000000000000000e+00
-2.040058374404907227e+00 -1.225790619850158691e+00 0.000000000000000000e+00
-9.996147751808166504e-01 -1.326533555984497070e+00 0.000000000000000000e+00
-9.475098848342895508e-01 -1.304135322570800781e+00 0.000000000000000000e+00
-9.165751934051513672e-01 -1.309005022048950195e+00 0.000000000000000000e+00
-9.120436906814575195e-01 -1.352160334587097168e+00 0.000000000000000000e+00
-8.703332543373107910e-01 -1.340195536613464355e+00 0.000000000000000000e+00
-5.331000089645385742e-01 -3.023359775543212891e+00 0.000000000000000000e+00
5.130996927618980408e-02 -2.939552307128906250e+00 0.000000000000000000e+00
1.029185056686401367e-01 -2.947203397750854492e+00 0.000000000000000000e+00
1.525068730115890503e-01 -2.910006523132324219e+00 0.000000000000000000e+00
2.043166011571884155e-01 -2.921864986419677734e+00 0.000000000000000000e+00
2.567607164382934570e-01 -2.934789657592773438e+00 0.000000000000000000e+00
3.049094378948211670e-01 -2.901020526885986328e+00 0.000000000000000000e+00
3.522022962570190430e-01 -2.868458509445190430e+00 0.000000000000000000e+00
4.104213416576385498e-01 -2.920300483703613281e+00 0.000000000000000000e+00
4.628894925117492676e-01 -2.922569990158081055e+00 0.000000000000000000e+00
9.695418477058410645e-01 -2.815754175186157227e+00 0.000000000000000000e+00
1.040425181388854980e+00 -2.858545064926147461e+00 0.000000000000000000e+00
1.092305421829223633e+00 -2.845553159713745117e+00 0.000000000000000000e+00
1.149292945861816406e+00 -2.844600200653076172e+00 0.000000000000000000e+00
1.207749843597412109e+00 -2.845280647277832031e+00 0.000000000000000000e+00
1.245427489280700684e+00 -2.797276258468627930e+00 0.000000000000000000e+00
1.314765334129333496e+00 -2.819523572921752930e+00 0.000000000000000000e+00
1.362457394599914551e+00 -2.793452024459838867e+00 0.000000000000000000e+00
1.443235635757446289e+00 -2.832509756088256836e+00 0.000000000000000000e+00
1.500431060791015625e+00 -2.821900606155395508e+00 0.000000000000000000e+00
1.566904664039611816e+00 -2.826771020889282227e+00 0.000000000000000000e+00
1.640999913215637207e+00 -2.842295408248901367e+00 0.000000000000000000e+00
1.774306058883666992e+00 -2.952941417694091797e+00 0.000000000000000000e+00
1.796956181526184082e+00 -2.875731229782104492e+00 0.000000000000000000e+00
1.823451399803161621e+00 -2.807869195938110352e+00 0.000000000000000000e+00
1.930893063545227051e+00 -2.862666845321655273e+00 0.000000000000000000e+00
1.953601121902465820e+00 -2.790031909942626953e+00 0.000000000000000000e+00
2.008858442306518555e+00 -2.665845394134521484e+00 0.000000000000000000e+00
1.973194837570190430e+00 -2.525574445724487305e+00 0.000000000000000000e+00
1.893625020980834961e+00 -2.338432312011718750e+00 0.000000000000000000e+00
1.849299907684326172e+00 -2.203910112380981445e+00 0.000000000000000000e+00
1.856646895408630371e+00 -2.135828018188476562e+00 0.000000000000000000e+00
1.856168150901794434e+00 -2.061483860015869141e+00 0.000000000000000000e+00
1.814115643501281738e+00 -1.945400953292846680e+00 0.000000000000000000e+00
1.840844631195068359e+00 -1.906250596046447754e+00 0.000000000000000000e+00
1.796758174896240234e+00 -1.796758294105529785e+00 0.000000000000000000e+00
1.829280972480773926e+00 -1.766516327857971191e+00 0.000000000000000000e+00
1.810100317001342773e+00 -1.687945961952209473e+00 0.000000000000000000e+00
1.800639867782592773e+00 -1.621303558349609375e+00 0.000000000000000000e+00
1.781869292259216309e+00 -1.548955440521240234e+00 0.000000000000000000e+00
1.790245771408081055e+00 -1.502194643020629883e+00 0.000000000000000000e+00
1.781218528747558594e+00 -1.442402482032775879e+00 0.000000000000000000e+00
1.785632371902465820e+00 -1.395089030265808105e+00 0.000000000000000000e+00
1.797728419303894043e+00 -1.354685664176940918e+00 0.000000000000000000e+00
1.785500407218933105e+00 -1.297242164611816406e+00 0.000000000000000000e+00
1.783293962478637695e+00 -1.248676061630249023e+00 0.000000000000000000e+00
1.801498651504516602e+00 -1.215126276016235352e+00 0.000000000000000000e+00
1.794755101203918457e+00 -1.165527701377868652e+00 0.000000000000000000e+00
1.761395812034606934e+00 -1.100642323493957520e+00 0.000000000000000000e+00
1.767478942871093750e+00 -1.062008619308471680e+00 0.000000000000000000e+00
1.760629534721374512e+00 -1.016500115394592285e+00 0.000000000000000000e+00
1.771979451179504395e+00 -9.822244048118591309e-01 0.000000000000000000e+00
1.747353196144104004e+00 -9.290843009948730469e-01 0.000000000000000000e+00
1.744590640068054199e+00 -8.889134526252746582e-01 0.000000000000000000e+00
1.758041143417358398e+00 -8.574540019035339355e-01 0.000000000000000000e+00
1.724703669548034668e+00 -8.042426109313964844e-01 0.000000000000000000e+00
1.761315584182739258e+00 -7.841883301734924316e-01 0.000000000000000000e+00
1.718582510948181152e+00 -7.294951081275939941e-01 0.000000000000000000e+00
1.751450300216674805e+00 -7.076319456100463867e-01 0.000000000000000000e+00
1.745795369148254395e+00 -6.701481342315673828e-01 0.000000000000000000e+00
1.734672546386718750e+00 -6.313692331314086914e-01 0.000000000000000000e+00
1.748263835906982422e+00 -6.019756197929382324e-01 0.000000000000000000e+00
1.746139645576477051e+00 -5.673552751541137695e-01 0.000000000000000000e+00
1.741430878639221191e+00 -5.324089527130126953e-01 0.000000000000000000e+00
1.746612548828125000e+00 -5.008331537246704102e-01 0.000000000000000000e+00
1.729973196983337402e+00 -4.635449945926666260e-01 0.000000000000000000e+00
1.744591712951660156e+00 -4.349756538867950439e-01 0.000000000000000000e+00
1.727558135986328125e+00 -3.988383114337921143e-01 0.000000000000000000e+00
1.684370160102844238e+00 -3.580240011215209961e-01 0.000000000000000000e+00
1.735516905784606934e+00 -3.373503983020782471e-01 0.000000000000000000e+00
1.732276797294616699e+00 -3.054472208023071289e-01 0.000000000000000000e+00
1.739319205284118652e+00 -2.754811942577362061e-01 0.000000000000000000e+00
1.676523804664611816e+00 -2.356201410293579102e-01 0.000000000000000000e+00
1.736955761909484863e+00 -2.132714390754699707e-01 0.000000000000000000e+00
1.701626896858215332e+00 -1.788482815027236938e-01 0.000000000000000000e+00
1.680580496788024902e+00 -1.470318287611007690e-01 0.000000000000000000e+00
1.705834507942199707e+00 -1.192836537957191467e-01 0.000000000000000000e+00
1.731623530387878418e+00 -9.075062721967697144e-02 0.000000000000000000e+00
1.690969347953796387e+00 -5.905003100633621216e-02 0.000000000000000000e+00
1.701740741729736328e+00 -2.970407903194427490e-02 0.000000000000000000e+00
