1.587000012397766113e+00 0.000000000000000000e+00 0.000000000000000000e+00
1.590757608413696289e+00 2.776677720248699188e-02 0.000000000000000000e+00
1.614016175270080566e+00 5.636268854141235352e-02 0.000000000000000000e+00
1.628764867782592773e+00 8.535994589328765869e-02 0.000000000000000000e+00
1.571163415908813477e+00 1.098664477467536926e-01 0.000000000000000000e+00
1.567014217376708984e+00 1.370959728956222534e-01 0.000000000000000000e+00
1.569355487823486328e+00 1.649459153413772583e-01 0.000000000000000000e+00
1.577155828475952148e+00 1.936503797769546509e-01 0.000000000000000000e+00
1.588389992713928223e+00 2.232336550951004028e-01 0.000000000000000000e+00
1.575362920761108398e+00 2.495129704475402832e-01 0.000000000000000000e+00
1.551072239875793457e+00 2.734958827495574951e-01 0.000000000000000000e+00
1.562750458717346191e+00 3.037679195404052734e-01 0.000000000000000000e+00
1.562101721763610840e+00 3.320349752902984619e-01 0.000000000000000000e+00
1.565812706947326660e+00 3.614963293075561523e-01 0.000000000000000000e+00
1.538888931274414062e+00 3.836881220340728760e-01 0.000000000000000000e+00
1.515537619590759277e+00 4.060870707035064697e-01 0.000000000000000000e+00
1.520716071128845215e+00 4.360583126544952393e-01 0.000000000000000000e+00
1.549213767051696777e+00 4.736421704292297363e-01 0.000000000000000000e+00
1.524543642997741699e+00 4.953542649745941162e-01 0.000000000000000000e+00
1.517557382583618164e+00 5.225368738174438477e-01 0.000000000000000000e+00
1.514784455299377441e+00 5.513364672660827637e-01 0.000000000000000000e+00
1.537606954574584961e+00 5.902320146560668945e-01 0.000000000000000000e+00
1.512236952781677246e+00 6.109833717346191406e-01 0.000000000000000000e+00
1.447033643722534180e+00 6.142293214797973633e-01 0.000000000000000000e+00
1.500955224037170410e+00 6.682683229446411133e-01 0.000000000000000000e+00
1.490876317024230957e+00 6.952069997787475586e-01 0.000000000000000000e+00
1.494694471359252930e+00 7.290111780166625977e-01 0.000000000000000000e+00
1.529858231544494629e+00 7.795016765594482422e-01 0.000000000000000000e+00
1.488649606704711914e+00 7.915290594100952148e-01 0.000000000000000000e+00
1.484229683876037598e+00 8.227219581604003906e-01 0.000000000000000000e+00
1.473975300788879395e+00 8.510000109672546387e-01 0.000000000000000000e+00
1.488899588584899902e+00 8.946211338043212891e-01 0.000000000000000000e+00
1.471363425254821777e+00 9.194099307060241699e-01 0.000000000000000000e+00
1.472705602645874023e+00 9.563861489295959473e-01 0.000000000000000000e+00
1.472370743751525879e+00 9.931266307830810547e-01 0.000000000000000000e+00
1.481846094131469727e+00 1.037599802017211914e+00 0.000000000000000000e+00
1.448949456214904785e+00 1.052723407745361328e+00 0.000000000000000000e+00
1.441537022590637207e+00 1.086276054382324219e+00 0.000000000000000000e+00
1.448363780975341797e+00 1.131585836410522461e+00 0.000000000000000000e+00
1.445491552352905273e+00 1.170535922050476074e+00 0.000000000000000000e+00
1.440929651260375977e+00 1.209083557128906250e+00 0.000000000000000000e+00
1.444514155387878418e+00 1.255697011947631836e+00 0.000000000000000000e+00
1.425351738929748535e+00 1.283392429351806641e+00 0.000000000000000000e+00
1.424677014350891113e+00 1.328532814979553223e+00 0.000000000000000000e+00
1.378255128860473633e+00 1.330965399742126465e+00 0.000000000000000000e+00
1.280570387840270996e+00 1.280570387840270996e+00 0.000000000000000000e+00
1.262888908386230469e+00 1.307759761810302734e+00 0.000000000000000000e+00
1.211229085922241211e+00 1.298884153366088867e+00 0.000000000000000000e+00
1.180346488952636719e+00 1.310907483100891113e+00 0.000000000000000000e+00
1.139574527740478516e+00 1.310930490493774414e+00 0.000000000000000000e+00
1.134520173072814941e+00 1.352068424224853516e+00 0.000000000000000000e+00
1.138440608978271484e+00 1.405857086181640625e+00 0.000000000000000000e+00
1.121735215187072754e+00 1.435755610466003418e+00 0.000000000000000000e+00
1.147059440612792969e+00 1.522199273109436035e+00 0.000000000000000000e+00
1.127372145652770996e+00 1.551694631576538086e+00 0.000000000000000000e+00
1.110443949699401855e+00 1.585878372192382812e+00 0.000000000000000000e+00
1.104405999183654785e+00 1.637349247932434082e+00 0.000000000000000000e+00
1.101804733276367188e+00 1.696630597114562988e+00 0.000000000000000000e+00
1.080505371093750000e+00 1.729170083999633789e+00 0.000000000000000000e+00
1.080549955368041992e+00 1.798336982727050781e+00 0.000000000000000000e+00
1.077499985694885254e+00 1.866284728050231934e+00 0.000000000000000000e+00
1.058339476585388184e+00 1.909294843673706055e+00 0.000000000000000000e+00
1.071334123611450195e+00 2.014886379241943359e+00 0.000000000000000000e+00
1.238486051559448242e+00 2.430665731430053711e+00 0.000000000000000000e+00
1.186289429664611816e+00 2.544005870819091797e+00 0.000000000000000000e+00
1.216142535209655762e+00 2.731500864028930664e+00 0.000000000000000000e+00
1.054675102233886719e+00 3.245955944061279297e+00 0.000000000000000000e+00
1.017453551292419434e+00 3.327940464019775391e+00 0.000000000000000000e+00
8.387644886970520020e-01 2.925119400024414062e+00 0.000000000000000000e+00
5.285115838050842285e-01 2.486451148986816406e+00 0.000000000000000000e+00
3.337594270706176758e-01 3.175508499145507812e+00 0.000000000000000000e+00
2.889213263988494873e-01 3.302385568618774414e+00 0.000000000000000000e+00
2.244763672351837158e-01 3.210160970687866211e+00 0.000000000000000000e+00
1.656433343887329102e-01 3.160662412643432617e+00 0.000000000000000000e+00
1.113992258906364441e-01 3.190055370330810547e+00 0.000000000000000000e+00
5.499257147312164307e-02 3.150520086288452148e+00 0.000000000000000000e+00
3.856027674942197336e-08 3.168999910354614258e+00 0.000000000000000000e+00
-5.726130306720733643e-02 3.280500173568725586e+00 0.000000000000000000e+00
-1.129696294665336609e-01 3.235028028488159180e+00 0.000000000000000000e+00
-1.641255170106887817e-01 3.131702184677124023e+00 0.000000000000000000e+00
-2.202908992767333984e-01 3.150307178497314453e+00 0.000000000000000000e+00
-2.731460630893707275e-01 3.122074365615844727e+00 0.000000000000000000e+00
-3.256061375141143799e-01 3.097935676574707031e+00 0.000000000000000000e+00
-3.804760575294494629e-01 3.098729133605957031e+00 0.000000000000000000e+00
-4.299056529998779297e-01 3.058938026428222656e+00 0.000000000000000000e+00
-4.876061975955963135e-01 3.078624725341796875e+00 0.000000000000000000e+00
-5.450815558433532715e-01 3.091311454772949219e+00 0.000000000000000000e+00
-6.021931171417236328e-01 3.098015308380126953e+00 0.000000000000000000e+00
-6.644857525825500488e-01 3.126159906387329102e+00 0.000000000000000000e+00
-7.029719948768615723e-01 3.044906377792358398e+00 0.000000000000000000e+00
-7.947133779525756836e-01 3.187421560287475586e+00 0.000000000000000000e+00
-8.380560278892517090e-01 3.127667665481567383e+00 0.000000000000000000e+00
-8.969238996505737305e-01 3.127945423126220703e+00 0.000000000000000000e+00
-9.528393745422363281e-01 3.116597175598144531e+00 0.000000000000000000e+00
-1.270657658576965332e+00 2.993481874465942383e+00 0.000000000000000000e+00
-1.330435514450073242e+00 2.988207101821899414e+00 0.000000000000000000e+00
-1.382384300231933594e+00 2.964532613754272461e+00 0.000000000000000000e+00
-1.439172387123107910e+00 2.950740814208984375e+00 0.000000000000000000e+00
-1.497714638710021973e+00 2.939430475234985352e+00 0.000000000000000000e+00
-1.557237029075622559e+00 2.928737163543701172e+00 0.000000000000000000e+00
-1.681804537773132324e+00 3.034055948257446289e+00 0.000000000000000000e+00
-1.733999967575073242e+00 3.003376007080078125e+00 0.000000000000000000e+00
-1.778941512107849121e+00 2.960655927658081055e+00 0.000000000000000000e+00
-2.278596878051757812e+00 3.608943521976470947e-01 0.000000000000000000e+00
-2.185521602630615234e+00 3.071550726890563965e-01 0.000000000000000000e+00
-2.169706106185913086e+00 2.664064466953277588e-01 0.000000000000000000e+00
-2.191926240921020508e+00 2.303807884454727173e-01 0.000000000000000000e+00
-1.058592677116394043e+00 -1.404799818992614746e+00 0.000000000000000000e+00
-4.835390448570251465e-01 -3.052944660186767578e+00 0.000000000000000000e+00
-4.221121072769165039e-01 -3.003483057022094727e+00 0.000000000000000000e+00
-3.589053153991699219e-01 -2.923048257827758789e+00 0.000000000000000000e+00
1.051869690418243408e-01 -3.012163877487182617e+00 0.000000000000000000e+00
1.570600867271423340e-01 -2.996887207031250000e+00 0.000000000000000000e+00
2.069673538208007812e-01 -2.959772586822509766e+00 0.000000000000000000e+00
2.625129818916320801e-01 -3.000538587570190430e+00 0.000000000000000000e+00
3.154667913913726807e-01 -3.001466989517211914e+00 0.000000000000000000e+00
3.651204407215118408e-01 -2.973668336868286133e+00 0.000000000000000000e+00
4.154315888881683350e-01 -2.955950021743774414e+00 0.000000000000000000e+00
4.727448523044586182e-01 -2.984794139862060547e+00 0.000000000000000000e+00
5.226808786392211914e-01 -2.964271306991577148e+00 0.000000000000000000e+00
9.324271082878112793e-01 -2.707965373992919922e+00 0.000000000000000000e+00
1.075653195381164551e+00 -2.955333232879638672e+00 0.000000000000000000e+00
1.100189447402954102e+00 -2.866091966629028320e+00 0.000000000000000000e+00
1.160156488418579102e+00 -2.871488332748413086e+00 0.000000000000000000e+00
1.246432185173034668e+00 -2.936410665512084961e+00 0.000000000000000000e+00
1.273085594177246094e+00 -2.859397411346435547e+00 0.000000000000000000e+00
1.315187931060791016e+00 -2.820429801940917969e+00 0.000000000000000000e+00
1.372539997100830078e+00 -2.814124345779418945e+00 0.000000000000000000e+00
1.439149856567382812e+00 -2.824490785598754883e+00 0.000000000000000000e+00
1.702200770378112793e+00 -2.832937955856323242e+00 0.000000000000000000e+00
1.779998660087585449e+00 -2.848593711853027344e+00 0.000000000000000000e+00
1.874973654747009277e+00 -2.779762983322143555e+00 0.000000000000000000e+00
2.009049892425537109e+00 -2.765220165252685547e+00 0.000000000000000000e+00
1.913475751876831055e+00 -2.449137449264526367e+00 0.000000000000000000e+00
1.899918198585510254e+00 -2.346203804016113281e+00 0.000000000000000000e+00
1.846728682518005371e+00 -2.200845718383789062e+00 0.000000000000000000e+00
1.867799878120422363e+00 -2.148658275604248047e+00 0.000000000000000000e+00
1.877580404281616211e+00 -2.085264444351196289e+00 0.000000000000000000e+00
1.840713381767272949e+00 -1.973923683166503906e+00 0.000000000000000000e+00
1.828340768814086914e+00 -1.893302440643310547e+00 0.000000000000000000e+00
1.810900449752807617e+00 -1.810900568962097168e+00 0.000000000000000000e+00
1.803384780883789062e+00 -1.741508603096008301e+00 0.000000000000000000e+00
1.772070050239562988e+00 -1.652482151985168457e+00 0.000000000000000000e+00
1.767198324203491211e+00 -1.591192722320556641e+00 0.000000000000000000e+00
1.766775131225585938e+00 -1.535834312438964844e+00 0.000000000000000000e+00
1.748113393783569336e+00 -1.466841459274291992e+00 0.000000000000000000e+00
1.742361307144165039e+00 -1.410936474800109863e+00 0.000000000000000000e+00
1.739139676094055176e+00 -1.358765006065368652e+00 0.000000000000000000e+00
1.757796645164489746e+00 -1.324594974517822266e+00 0.000000000000000000e+00
1.736150383949279785e+00 -1.261387228965759277e+00 0.000000000000000000e+00
1.731687426567077637e+00 -1.212540745735168457e+00 0.000000000000000000e+00
1.716936826705932617e+00 -1.158088684082031250e+00 0.000000000000000000e+00
1.717597365379333496e+00 -1.115420818328857422e+00 0.000000000000000000e+00
1.718145370483398438e+00 -1.073616504669189453e+00 0.000000000000000000e+00
1.719477653503417969e+00 -1.033166527748107910e+00 0.000000000000000000e+00
1.700007915496826172e+00 -9.815000891685485840e-01 0.000000000000000000e+00
1.694138407707214355e+00 -9.390763044357299805e-01 0.000000000000000000e+00
1.712035298347473145e+00 -9.103054404258728027e-01 0.000000000000000000e+00
1.681329250335693359e+00 -8.566801548004150391e-01 0.000000000000000000e+00
1.687935233116149902e+00 -8.232610821723937988e-01 0.000000000000000000e+00
1.688451409339904785e+00 -7.873378992080688477e-01 0.000000000000000000e+00
1.693713188171386719e+00 -7.540897727012634277e-01 0.000000000000000000e+00
1.690046787261962891e+00 -7.173824310302734375e-01 0.000000000000000000e+00
1.684693098068237305e+00 -6.806602478027343750e-01 0.000000000000000000e+00
1.662706732749938965e+00 -6.382533907890319824e-01 0.000000000000000000e+00
1.651039838790893555e+00 -6.009294390678405762e-01 0.000000000000000000e+00
1.688696146011352539e+00 -5.814648270606994629e-01 0.000000000000000000e+00
1.659593582153320312e+00 -5.392347574234008789e-01 0.000000000000000000e+00
1.652494668960571289e+00 -5.052183866500854492e-01 0.000000000000000000e+00
1.652408838272094727e+00 -4.738206863403320312e-01 0.000000000000000000e+00
1.685540556907653809e+00 -4.516393244266510010e-01 0.000000000000000000e+00
1.653383851051330566e+00 -4.122349917888641357e-01 0.000000000000000000e+00
1.650582909584045410e+00 -3.810671567916870117e-01 0.000000000000000000e+00
1.640353560447692871e+00 -3.486679792404174805e-01 0.000000000000000000e+00
1.663858056068420410e+00 -3.234213292598724365e-01 0.000000000000000000e+00
1.650537729263305664e+00 -2.910344302654266357e-01 0.000000000000000000e+00
1.573387622833251953e+00 -2.492001801729202271e-01 0.000000000000000000e+00
1.623049378395080566e+00 -2.281047999858856201e-01 0.000000000000000000e+00
1.625790596008300781e+00 -1.996220648288726807e-01 0.000000000000000000e+00
1.625048756599426270e+00 -1.707995831966400146e-01 0.000000000000000000e+00
1.587934374809265137e+00 -1.389263272285461426e-01 0.000000000000000000e+00
1.601090312004089355e+00 -1.119592189788818359e-01 0.000000000000000000e+00
1.598805785179138184e+00 -8.378993719816207886e-02 0.000000000000000000e+00
1.599025368690490723e+00 -5.583927407860755920e-02 0.000000000000000000e+00
1.589757919311523438e+00 -2.774940431118011475e-02 0.000000000000000000e+00
