-1.869325757026672363e+00 -1.935743331909179688e+00 0.000000000000000000e+00
-1.784107685089111328e+00 -1.913221240043640137e+00 0.000000000000000000e+00
-1.721004009246826172e+00 -1.911368489265441895e+00 0.000000000000000000e+00
-1.663765788078308105e+00 -1.913943409919738770e+00 0.000000000000000000e+00
-1.602469563484191895e+00 -1.909748792648315430e+00 0.000000000000000000e+00
-1.550645470619201660e+00 -1.914887547492980957e+00 0.000000000000000000e+00
-1.498520135879516602e+00 -1.918018102645874023e+00 0.000000000000000000e+00
-1.138511896133422852e+00 -3.306478500366210938e+00 0.000000000000000000e+00
4.868273735046386719e-01 -3.463957548141479492e+00 0.000000000000000000e+00
8.416461944580078125e-01 -3.375658988952636719e+00 0.000000000000000000e+00
