1.598999977111816406e+00 0.000000000000000000e+00 0.000000000000000000e+00
1.572760343551635742e+00 2.745263464748859406e-02 0.000000000000000000e+00
1.593028903007507324e+00 5.562979727983474731e-02 0.000000000000000000e+00
1.573840141296386719e+00 8.248146623373031616e-02 0.000000000000000000e+00
1.574156045913696289e+00 1.100757122039794922e-01 0.000000000000000000e+00
1.579964756965637207e+00 1.382289975881576538e-01 0.000000000000000000e+00
1.575322628021240234e+00 1.655730903148651123e-01 0.000000000000000000e+00
1.563260197639465332e+00 1.919442266225814819e-01 0.000000000000000000e+00
1.530954480171203613e+00 2.151616066694259644e-01 0.000000000000000000e+00
1.566473722457885742e+00 2.481050491333007812e-01 0.000000000000000000e+00
1.553041815757751465e+00 2.738431692123413086e-01 0.000000000000000000e+00
1.535264968872070312e+00 2.984252572059631348e-01 0.000000000000000000e+00
1.560145497322082520e+00 3.316191434860229492e-01 0.000000000000000000e+00
1.553145885467529297e+00 3.585719764232635498e-01 0.000000000000000000e+00
1.534037470817565918e+00 3.824785053730010986e-01 0.000000000000000000e+00
1.531958341598510742e+00 4.104869961738586426e-01 0.000000000000000000e+00
1.534173607826232910e+00 4.399172067642211914e-01 0.000000000000000000e+00
1.520524621009826660e+00 4.648710191249847412e-01 0.000000000000000000e+00
1.513130903244018555e+00 4.916460216045379639e-01 0.000000000000000000e+00
1.540249705314636230e+00 5.303505063056945801e-01 0.000000000000000000e+00
1.509146332740783691e+00 5.492843389511108398e-01 0.000000000000000000e+00
1.472256302833557129e+00 5.651462674140930176e-01 0.000000000000000000e+00
1.505746483802795410e+00 6.083610653877258301e-01 0.000000000000000000e+00
1.542766094207763672e+00 6.548653841018676758e-01 0.000000000000000000e+00
1.511917710304260254e+00 6.731491088867187500e-01 0.000000000000000000e+00
1.479094266891479492e+00 6.897130012512207031e-01 0.000000000000000000e+00
1.455147504806518555e+00 7.097228765487670898e-01 0.000000000000000000e+00
1.509365081787109375e+00 7.690598964691162109e-01 0.000000000000000000e+00
1.482469081878662109e+00 7.882427573204040527e-01 0.000000000000000000e+00
1.492101192474365234e+00 8.270851969718933105e-01 0.000000000000000000e+00
1.397764921188354492e+00 8.069999814033508301e-01 0.000000000000000000e+00
1.475184917449951172e+00 8.863804936408996582e-01 0.000000000000000000e+00
1.472211480140686035e+00 9.199398159980773926e-01 0.000000000000000000e+00
1.456770777702331543e+00 9.460380077362060547e-01 0.000000000000000000e+00
1.431747913360595703e+00 9.657261371612548828e-01 0.000000000000000000e+00
1.431877851486206055e+00 1.002611637115478516e+00 0.000000000000000000e+00
1.423060894012451172e+00 1.033914208412170410e+00 0.000000000000000000e+00
1.439141273498535156e+00 1.084470748901367188e+00 0.000000000000000000e+00
1.409751296043395996e+00 1.101418375968933105e+00 0.000000000000000000e+00
1.421399950981140137e+00 1.151026964187622070e+00 0.000000000000000000e+00
1.428672909736633301e+00 1.198798894882202148e+00 0.000000000000000000e+00
1.410552144050598145e+00 1.226174235343933105e+00 0.000000000000000000e+00
1.414947748184204102e+00 1.274024724960327148e+00 0.000000000000000000e+00
1.394691467285156250e+00 1.300570845603942871e+00 0.000000000000000000e+00
1.384009838104248047e+00 1.336522698402404785e+00 0.000000000000000000e+00
1.339967370033264160e+00 1.339967370033264160e+00 0.000000000000000000e+00
1.280255436897277832e+00 1.325743317604064941e+00 0.000000000000000000e+00
1.239191055297851562e+00 1.328869700431823730e+00 0.000000000000000000e+00
1.186368584632873535e+00 1.317595720291137695e+00 0.000000000000000000e+00
1.124485135078430176e+00 1.293572187423706055e+00 0.000000000000000000e+00
1.135162949562072754e+00 1.352834463119506836e+00 0.000000000000000000e+00
1.123966217041015625e+00 1.387982726097106934e+00 0.000000000000000000e+00
1.116194248199462891e+00 1.428663492202758789e+00 0.000000000000000000e+00
1.094701528549194336e+00 1.452718019485473633e+00 0.000000000000000000e+00
1.094456195831298828e+00 1.506389617919921875e+00 0.000000000000000000e+00
1.081765174865722656e+00 1.544920802116394043e+00 0.000000000000000000e+00
1.077564716339111328e+00 1.597555398941040039e+00 0.000000000000000000e+00
1.070215702056884766e+00 1.647987723350524902e+00 0.000000000000000000e+00
1.051889777183532715e+00 1.683375477790832520e+00 0.000000000000000000e+00
1.040376901626586914e+00 1.731477975845336914e+00 0.000000000000000000e+00
1.029000043869018555e+00 1.782280325889587402e+00 0.000000000000000000e+00
1.032644510269165039e+00 1.862940073013305664e+00 0.000000000000000000e+00
1.012650251388549805e+00 1.904518008232116699e+00 0.000000000000000000e+00
9.933311939239501953e-01 1.949522256851196289e+00 0.000000000000000000e+00
1.147186636924743652e+00 2.702602386474609375e+00 0.000000000000000000e+00
1.155661344528198242e+00 2.860362291336059570e+00 0.000000000000000000e+00
9.495707154273986816e-01 3.311546564102172852e+00 0.000000000000000000e+00
2.837791442871093750e-01 3.243609905242919922e+00 0.000000000000000000e+00
2.225929498672485352e-01 3.183226823806762695e+00 0.000000000000000000e+00
1.660096794366836548e-01 3.167652845382690430e+00 0.000000000000000000e+00
1.111898347735404968e-01 3.184059381484985352e+00 0.000000000000000000e+00
5.631895363330841064e-02 3.226508617401123047e+00 0.000000000000000000e+00
3.857244834648554388e-08 3.170000076293945312e+00 0.000000000000000000e+00
-5.518446862697601318e-02 3.161518335342407227e+00 0.000000000000000000e+00
-1.104568690061569214e-01 3.163071870803833008e+00 0.000000000000000000e+00
-1.670563220977783203e-01 3.187625408172607422e+00 0.000000000000000000e+00
-2.188957780599594116e-01 3.130356073379516602e+00 0.000000000000000000e+00
-2.698341310024261475e-01 3.084218740463256836e+00 0.000000000000000000e+00
-3.269650042057037354e-01 3.110864400863647461e+00 0.000000000000000000e+00
-3.766981065273284912e-01 3.067960262298583984e+00 0.000000000000000000e+00
-4.279572665691375732e-01 3.045074462890625000e+00 0.000000000000000000e+00
-4.804102182388305664e-01 3.033190965652465820e+00 0.000000000000000000e+00
-5.391775369644165039e-01 3.057828187942504883e+00 0.000000000000000000e+00
-5.945608019828796387e-01 3.058750152587890625e+00 0.000000000000000000e+00
-6.559613347053527832e-01 3.086055755615234375e+00 0.000000000000000000e+00
-6.950986981391906738e-01 3.010803461074829102e+00 0.000000000000000000e+00
-1.405205726623535156e+00 3.013473510742187500e+00 0.000000000000000000e+00
-1.436103820800781250e+00 2.944449424743652344e+00 0.000000000000000000e+00
-1.499076604843139648e+00 2.942103624343872070e+00 0.000000000000000000e+00
-1.553950786590576172e+00 2.922556400299072266e+00 0.000000000000000000e+00
-1.613931179046630859e+00 2.911608934402465820e+00 0.000000000000000000e+00
-1.702999949455261230e+00 2.949682474136352539e+00 0.000000000000000000e+00
-1.758340001106262207e+00 2.926369190216064453e+00 0.000000000000000000e+00
-1.786357760429382324e+00 2.858770132064819336e+00 0.000000000000000000e+00
-1.877915263175964355e+00 2.891736030578613281e+00 0.000000000000000000e+00
-1.947109699249267578e+00 2.886708974838256836e+00 0.000000000000000000e+00
-2.006370306015014648e+00 2.865393877029418945e+00 0.000000000000000000e+00
-1.405259370803833008e+00 1.476987451314926147e-01 0.000000000000000000e+00
-2.231550693511962891e+00 1.560452878475189209e-01 0.000000000000000000e+00
-1.938404679298400879e+00 -1.408333301544189453e+00 0.000000000000000000e+00
-1.123536348342895508e+00 -3.086890220642089844e+00 0.000000000000000000e+00
-5.480337142944335938e-01 -3.108053207397460938e+00 0.000000000000000000e+00
-4.943330287933349609e-01 -3.121095180511474609e+00 0.000000000000000000e+00
-4.432664215564727783e-01 -3.154003620147705078e+00 0.000000000000000000e+00
-1.639163196086883545e-01 -3.127707719802856445e+00 0.000000000000000000e+00
9.743929654359817505e-02 -2.790299177169799805e+00 0.000000000000000000e+00
1.578451395034790039e-01 -3.011866807937622070e+00 0.000000000000000000e+00
2.082229554653167725e-01 -2.977728605270385742e+00 0.000000000000000000e+00
2.612056434154510498e-01 -2.985595464706420898e+00 0.000000000000000000e+00
3.115992248058319092e-01 -2.964669704437255859e+00 0.000000000000000000e+00
3.630486726760864258e-01 -2.956794977188110352e+00 0.000000000000000000e+00
4.161274731159210205e-01 -2.960901498794555664e+00 0.000000000000000000e+00
4.647666811943054199e-01 -2.934422016143798828e+00 0.000000000000000000e+00
5.193815827369689941e-01 -2.945559978485107422e+00 0.000000000000000000e+00
5.726176500320434570e-01 -2.945863246917724609e+00 0.000000000000000000e+00
1.049317717552185059e+00 -2.882977008819580078e+00 0.000000000000000000e+00
1.095889091491699219e+00 -2.854889154434204102e+00 0.000000000000000000e+00
1.155286669731140137e+00 -2.859435081481933594e+00 0.000000000000000000e+00
1.188603997230529785e+00 -2.800175905227661133e+00 0.000000000000000000e+00
1.266170978546142578e+00 -2.843867063522338867e+00 0.000000000000000000e+00
1.323217630386352539e+00 -2.837649822235107422e+00 0.000000000000000000e+00
1.433911919593811035e+00 -2.939955234527587891e+00 0.000000000000000000e+00
1.428254008293151855e+00 -2.803106546401977539e+00 0.000000000000000000e+00
1.495266795158386230e+00 -2.812188148498535156e+00 0.000000000000000000e+00
1.530058979988098145e+00 -2.760299682617187500e+00 0.000000000000000000e+00
1.642499923706054688e+00 -2.844893693923950195e+00 0.000000000000000000e+00
1.678508996963500977e+00 -2.793508291244506836e+00 0.000000000000000000e+00
1.736015439033508301e+00 -2.778205633163452148e+00 0.000000000000000000e+00
1.831076264381408691e+00 -2.819610595703125000e+00 0.000000000000000000e+00
1.846454858779907227e+00 -2.737482070922851562e+00 0.000000000000000000e+00
1.970808625221252441e+00 -2.814606666564941406e+00 0.000000000000000000e+00
1.999645233154296875e+00 -2.752275943756103516e+00 0.000000000000000000e+00
2.099732637405395508e+00 -2.786439418792724609e+00 0.000000000000000000e+00
2.090786218643188477e+00 -2.676084518432617188e+00 0.000000000000000000e+00
1.967884778976440430e+00 -2.430135488510131836e+00 0.000000000000000000e+00
2.208618164062500000e+00 -2.632128953933715820e+00 0.000000000000000000e+00
1.894698381423950195e+00 -2.179601430892944336e+00 0.000000000000000000e+00
1.892301321029663086e+00 -2.101613759994506836e+00 0.000000000000000000e+00
1.863219499588012695e+00 -1.998058438301086426e+00 0.000000000000000000e+00
1.852653861045837402e+00 -1.918479323387145996e+00 0.000000000000000000e+00
1.863226294517517090e+00 -1.863226413726806641e+00 0.000000000000000000e+00
1.842229247093200684e+00 -1.779020190238952637e+00 0.000000000000000000e+00
1.810831785202026367e+00 -1.688628077507019043e+00 0.000000000000000000e+00
1.789492607116699219e+00 -1.611266613006591797e+00 0.000000000000000000e+00
1.796208858489990234e+00 -1.561420679092407227e+00 0.000000000000000000e+00
1.802502393722534180e+00 -1.512479305267333984e+00 0.000000000000000000e+00
1.807641386985778809e+00 -1.463799238204956055e+00 0.000000000000000000e+00
1.803756594657897949e+00 -1.409249186515808105e+00 0.000000000000000000e+00
1.802520275115966797e+00 -1.358296513557434082e+00 0.000000000000000000e+00
1.783073425292968750e+00 -1.295478820800781250e+00 0.000000000000000000e+00
1.779198169708251953e+00 -1.245808005332946777e+00 0.000000000000000000e+00
1.765850067138671875e+00 -1.191081047058105469e+00 0.000000000000000000e+00
1.767078876495361328e+00 -1.147554636001586914e+00 0.000000000000000000e+00
1.730866074562072754e+00 -1.081565260887145996e+00 0.000000000000000000e+00
1.758050203323364258e+00 -1.056343197822570801e+00 0.000000000000000000e+00
1.771021962165832520e+00 -1.022500157356262207e+00 0.000000000000000000e+00
1.736994624137878418e+00 -9.628319740295410156e-01 0.000000000000000000e+00
1.745587348937988281e+00 -9.281453490257263184e-01 0.000000000000000000e+00
1.735680580139160156e+00 -8.843735456466674805e-01 0.000000000000000000e+00
1.686137676239013672e+00 -8.223843574523925781e-01 0.000000000000000000e+00
1.723797321319580078e+00 -8.038200139999389648e-01 0.000000000000000000e+00
1.681837081909179688e+00 -7.488022446632385254e-01 0.000000000000000000e+00
1.701092958450317383e+00 -7.220712304115295410e-01 0.000000000000000000e+00
1.711581349372863770e+00 -6.915238499641418457e-01 0.000000000000000000e+00
1.686979889869689941e+00 -6.475709676742553711e-01 0.000000000000000000e+00
1.708361148834228516e+00 -6.217926740646362305e-01 0.000000000000000000e+00
1.681131958961486816e+00 -5.788602828979492188e-01 0.000000000000000000e+00
1.629159808158874512e+00 -5.293462276458740234e-01 0.000000000000000000e+00
1.683096289634704590e+00 -5.145742893218994141e-01 0.000000000000000000e+00
1.553398966789245605e+00 -4.454300403594970703e-01 0.000000000000000000e+00
1.661392450332641602e+00 -4.451688528060913086e-01 0.000000000000000000e+00
1.656294822692871094e+00 -4.129607677459716797e-01 0.000000000000000000e+00
1.670070290565490723e+00 -3.855661749839782715e-01 0.000000000000000000e+00
1.643287897109985352e+00 -3.492917120456695557e-01 0.000000000000000000e+00
1.648151993751525879e+00 -3.203683793544769287e-01 0.000000000000000000e+00
1.656446695327758789e+00 -2.920763194561004639e-01 0.000000000000000000e+00
1.664254784584045410e+00 -2.635921537876129150e-01 0.000000000000000000e+00
1.576506733894348145e+00 -2.215636521577835083e-01 0.000000000000000000e+00
1.622812986373901367e+00 -1.992564499378204346e-01 0.000000000000000000e+00
1.625048756599426270e+00 -1.707995831966400146e-01 0.000000000000000000e+00
1.613835453987121582e+00 -1.411923766136169434e-01 0.000000000000000000e+00
1.625031828880310059e+00 -1.136333718895912170e-01 0.000000000000000000e+00
1.603798985481262207e+00 -8.405162394046783447e-02 0.000000000000000000e+00
1.601024150848388672e+00 -5.590907111763954163e-02 0.000000000000000000e+00
1.611754417419433594e+00 -2.813335694372653961e-02 0.000000000000000000e+00
