1.675999999046325684e+00 0.000000000000000000e+00 0.000000000000000000e+00
1.674744844436645508e+00 2.923277951776981354e-02 0.000000000000000000e+00
1.697965025901794434e+00 5.929424613714218140e-02 0.000000000000000000e+00
1.689681172370910645e+00 8.855243772268295288e-02 0.000000000000000000e+00
1.676905155181884766e+00 1.172606274485588074e-01 0.000000000000000000e+00
1.677591919898986816e+00 1.467702686786651611e-01 0.000000000000000000e+00
1.667813301086425781e+00 1.752942353487014771e-01 0.000000000000000000e+00
1.673432826995849609e+00 2.054717093706130981e-01 0.000000000000000000e+00
1.666621088981628418e+00 2.342283278703689575e-01 0.000000000000000000e+00
1.645488739013671875e+00 2.606198191642761230e-01 0.000000000000000000e+00
1.673188328742980957e+00 2.950282394886016846e-01 0.000000000000000000e+00
1.651096940040588379e+00 3.209407329559326172e-01 0.000000000000000000e+00
1.697086095809936523e+00 3.607267737388610840e-01 0.000000000000000000e+00
1.646685481071472168e+00 3.801673054695129395e-01 0.000000000000000000e+00
1.664057254791259766e+00 4.148960411548614502e-01 0.000000000000000000e+00
1.635312438011169434e+00 4.381806254386901855e-01 0.000000000000000000e+00
1.601462006568908691e+00 4.592118263244628906e-01 0.000000000000000000e+00
1.662057757377624512e+00 5.081420540809631348e-01 0.000000000000000000e+00
1.620600342750549316e+00 5.265649557113647461e-01 0.000000000000000000e+00
1.615891218185424805e+00 5.563959479331970215e-01 0.000000000000000000e+00
1.627547621726989746e+00 5.923788547515869141e-01 0.000000000000000000e+00
1.630031466484069824e+00 6.257104277610778809e-01 0.000000000000000000e+00
1.625353336334228516e+00 6.566853523254394531e-01 0.000000000000000000e+00
1.579586267471313477e+00 6.704946160316467285e-01 0.000000000000000000e+00
1.625197410583496094e+00 7.235844731330871582e-01 0.000000000000000000e+00
1.616853117942810059e+00 7.539510130882263184e-01 0.000000000000000000e+00
1.612436532974243164e+00 7.864378690719604492e-01 0.000000000000000000e+00
1.617176890373229980e+00 8.239927887916564941e-01 0.000000000000000000e+00
1.607847571372985840e+00 8.549076914787292480e-01 0.000000000000000000e+00
1.599679470062255859e+00 8.867167830467224121e-01 0.000000000000000000e+00
1.611673235893249512e+00 9.304999709129333496e-01 0.000000000000000000e+00
1.602902889251708984e+00 9.631211757659912109e-01 0.000000000000000000e+00
1.573977231979370117e+00 9.835301041603088379e-01 0.000000000000000000e+00
1.604376792907714844e+00 1.041894435882568359e+00 0.000000000000000000e+00
1.575171351432800293e+00 1.062466502189636230e+00 0.000000000000000000e+00
1.587516665458679199e+00 1.111591100692749023e+00 0.000000000000000000e+00
1.591336488723754883e+00 1.156173586845397949e+00 0.000000000000000000e+00
1.574110507965087891e+00 1.186177372932434082e+00 0.000000000000000000e+00
1.576809525489807129e+00 1.231938600540161133e+00 0.000000000000000000e+00
1.563617706298828125e+00 1.266192674636840820e+00 0.000000000000000000e+00
1.552006125450134277e+00 1.302287697792053223e+00 0.000000000000000000e+00
1.518475770950317383e+00 1.319990754127502441e+00 0.000000000000000000e+00
1.481087684631347656e+00 1.333577275276184082e+00 0.000000000000000000e+00
1.426139712333679199e+00 1.329896807670593262e+00 0.000000000000000000e+00
1.368903636932373047e+00 1.321934819221496582e+00 0.000000000000000000e+00
1.315925717353820801e+00 1.315925717353820801e+00 0.000000000000000000e+00
1.297621846199035645e+00 1.343726754188537598e+00 0.000000000000000000e+00
1.299206852912902832e+00 1.393228769302368164e+00 0.000000000000000000e+00
1.280046820640563965e+00 1.421635985374450684e+00 0.000000000000000000e+00
1.281283259391784668e+00 1.473947763442993164e+00 0.000000000000000000e+00
1.278504490852355957e+00 1.523662328720092773e+00 0.000000000000000000e+00
1.268709897994995117e+00 1.566726326942443848e+00 0.000000000000000000e+00
1.262721776962280273e+00 1.616210103034973145e+00 0.000000000000000000e+00
1.258997082710266113e+00 1.670745491981506348e+00 0.000000000000000000e+00
1.253745913505554199e+00 1.725633144378662109e+00 0.000000000000000000e+00
1.240072250366210938e+00 1.771006703376770020e+00 0.000000000000000000e+00
1.234138727188110352e+00 1.829685926437377930e+00 0.000000000000000000e+00
1.216179013252258301e+00 1.872751355171203613e+00 0.000000000000000000e+00
1.197087645530700684e+00 1.915740728378295898e+00 0.000000000000000000e+00
1.430260777473449707e+00 2.380353450775146484e+00 0.000000000000000000e+00
1.453999996185302734e+00 2.518401861190795898e+00 0.000000000000000000e+00
1.395738959312438965e+00 2.625003337860107422e+00 0.000000000000000000e+00
1.396020889282226562e+00 2.739845037460327148e+00 0.000000000000000000e+00
1.032702207565307617e+00 2.999184846878051758e+00 0.000000000000000000e+00
5.603626966476440430e-01 3.177974700927734375e+00 0.000000000000000000e+00
5.087249279022216797e-01 3.211962461471557617e+00 0.000000000000000000e+00
4.524517655372619629e-01 3.219361305236816406e+00 0.000000000000000000e+00
3.943692445755004883e-01 3.211879491806030273e+00 0.000000000000000000e+00
3.348047137260437012e-01 3.185453653335571289e+00 0.000000000000000000e+00
2.809030115604400635e-01 3.210735559463500977e+00 0.000000000000000000e+00
2.251041829586029053e-01 3.219139099121093750e+00 0.000000000000000000e+00
1.689404994249343872e-01 3.223576068878173828e+00 0.000000000000000000e+00
1.160408705472946167e-01 3.322974443435668945e+00 0.000000000000000000e+00
5.560340732336044312e-02 3.185514926910400391e+00 0.000000000000000000e+00
3.876713705608381133e-08 3.186000108718872070e+00 0.000000000000000000e+00
-5.586511269211769104e-02 3.200512409210205078e+00 0.000000000000000000e+00
-1.117132455110549927e-01 3.199049949645996094e+00 0.000000000000000000e+00
-1.663236320018768311e-01 3.173644542694091797e+00 0.000000000000000000e+00
-2.675680816173553467e-01 3.058317661285400391e+00 0.000000000000000000e+00
-3.299963176250457764e-01 3.139705657958984375e+00 0.000000000000000000e+00
-3.875444829463958740e-01 3.156296730041503906e+00 0.000000000000000000e+00
-1.071670889854431152e+00 3.298264026641845703e+00 0.000000000000000000e+00
-1.100420355796813965e+00 3.195852994918823242e+00 0.000000000000000000e+00
-1.129008531570434570e+00 3.101925373077392578e+00 0.000000000000000000e+00
-1.193723678588867188e+00 3.109756469726562500e+00 0.000000000000000000e+00
-1.260551095008850098e+00 3.119973659515380859e+00 0.000000000000000000e+00
-1.333956003189086914e+00 3.142603635787963867e+00 0.000000000000000000e+00
-1.451693654060363770e+00 3.113167285919189453e+00 0.000000000000000000e+00
-1.513257145881652832e+00 3.102637052536010742e+00 0.000000000000000000e+00
-9.966057538986206055e-01 -1.322540402412414551e+00 0.000000000000000000e+00
-9.551510810852050781e-01 -1.314652562141418457e+00 0.000000000000000000e+00
-9.160016179084777832e-01 -1.308185815811157227e+00 0.000000000000000000e+00
-9.098069071769714355e-01 -1.348844051361083984e+00 0.000000000000000000e+00
-8.774135112762451172e-01 -1.351098179817199707e+00 0.000000000000000000e+00
-8.388621807098388672e-01 -1.342460036277770996e+00 0.000000000000000000e+00
-5.285851359367370605e-01 -2.997754812240600586e+00 0.000000000000000000e+00
-4.793152809143066406e-01 -3.026277065277099609e+00 0.000000000000000000e+00
5.052461102604866028e-02 -2.894559144973754883e+00 0.000000000000000000e+00
1.036513969302177429e-01 -2.968190670013427734e+00 0.000000000000000000e+00
1.539199352264404297e-01 -2.936969518661499023e+00 0.000000000000000000e+00
2.060605138540267944e-01 -2.946804285049438477e+00 0.000000000000000000e+00
2.548432946205139160e-01 -2.912873268127441406e+00 0.000000000000000000e+00
3.159894347190856934e-01 -3.006439685821533203e+00 0.000000000000000000e+00
3.576864004135131836e-01 -2.913122892379760742e+00 0.000000000000000000e+00
4.084729254245758057e-01 -2.906436681747436523e+00 0.000000000000000000e+00
4.614815711975097656e-01 -2.913680553436279297e+00 0.000000000000000000e+00
5.077471733093261719e-01 -2.879577875137329102e+00 0.000000000000000000e+00
1.030748605728149414e+00 -2.993511676788330078e+00 0.000000000000000000e+00
1.040083050727844238e+00 -2.857605218887329102e+00 0.000000000000000000e+00
1.093738913536071777e+00 -2.849287509918212891e+00 0.000000000000000000e+00
1.158283472061157227e+00 -2.866852521896362305e+00 0.000000000000000000e+00
1.220643997192382812e+00 -2.875657320022583008e+00 0.000000000000000000e+00
1.332875847816467285e+00 -2.993688583374023438e+00 0.000000000000000000e+00
1.347729444503784180e+00 -2.890215396881103516e+00 0.000000000000000000e+00
1.395335316658020020e+00 -2.860861539840698242e+00 0.000000000000000000e+00
1.436879754066467285e+00 -2.820035696029663086e+00 0.000000000000000000e+00
1.490102648735046387e+00 -2.802475690841674805e+00 0.000000000000000000e+00
1.549451470375061035e+00 -2.795284748077392578e+00 0.000000000000000000e+00
1.600499868392944336e+00 -2.772147417068481445e+00 0.000000000000000000e+00
1.683144211769104004e+00 -2.801222801208496094e+00 0.000000000000000000e+00
1.763571262359619141e+00 -2.822304248809814453e+00 0.000000000000000000e+00
1.894799113273620605e+00 -2.917735099792480469e+00 0.000000000000000000e+00
1.932378888130187988e+00 -2.759723186492919922e+00 0.000000000000000000e+00
2.047255992889404297e+00 -2.817806243896484375e+00 0.000000000000000000e+00
1.958305954933166504e+00 -2.598759889602661133e+00 0.000000000000000000e+00
1.889464974403381348e+00 -2.418405055999755859e+00 0.000000000000000000e+00
1.864046812057495117e+00 -2.301906347274780273e+00 0.000000000000000000e+00
1.865369558334350586e+00 -2.223061084747314453e+00 0.000000000000000000e+00
1.851398468017578125e+00 -2.129790544509887695e+00 0.000000000000000000e+00
1.870889067649841309e+00 -2.077832937240600586e+00 0.000000000000000000e+00
1.844805479049682617e+00 -1.978311777114868164e+00 0.000000000000000000e+00
1.821394205093383789e+00 -1.886108994483947754e+00 0.000000000000000000e+00
1.829285144805908203e+00 -1.829285264015197754e+00 0.000000000000000000e+00
1.822087645530700684e+00 -1.759569764137268066e+00 0.000000000000000000e+00
1.828384160995483398e+00 -1.704995989799499512e+00 0.000000000000000000e+00
1.821447849273681641e+00 -1.640039205551147461e+00 0.000000000000000000e+00
1.804510593414306641e+00 -1.568637251853942871e+00 0.000000000000000000e+00
1.797906160354614258e+00 -1.508622527122497559e+00 0.000000000000000000e+00
1.802978515625000000e+00 -1.460023283958435059e+00 0.000000000000000000e+00
1.806908607482910156e+00 -1.411711812019348145e+00 0.000000000000000000e+00
1.826479315757751465e+00 -1.376350998878479004e+00 0.000000000000000000e+00
1.791163563728332520e+00 -1.301356673240661621e+00 0.000000000000000000e+00
1.771006584167480469e+00 -1.240072250366210938e+00 0.000000000000000000e+00
1.785746932029724121e+00 -1.204501628875732422e+00 0.000000000000000000e+00
1.785529494285583496e+00 -1.159536600112915039e+00 0.000000000000000000e+00
1.768180251121520996e+00 -1.104881763458251953e+00 0.000000000000000000e+00
1.763193011283874512e+00 -1.059433341026306152e+00 0.000000000000000000e+00
1.767557740211486816e+00 -1.020500063896179199e+00 0.000000000000000000e+00
1.772854089736938477e+00 -9.827091693878173828e-01 0.000000000000000000e+00
1.755299806594848633e+00 -9.333095550537109375e-01 0.000000000000000000e+00
1.756173729896545410e+00 -8.948153257369995117e-01 0.000000000000000000e+00
1.758939981460571289e+00 -8.578923940658569336e-01 0.000000000000000000e+00
1.759143352508544922e+00 -8.203021287918090820e-01 0.000000000000000000e+00
1.741217613220214844e+00 -7.752401232719421387e-01 0.000000000000000000e+00
1.748959183692932129e+00 -7.423892021179199219e-01 0.000000000000000000e+00
1.747741580009460449e+00 -7.061334848403930664e-01 0.000000000000000000e+00
1.722455859184265137e+00 -6.611889600753784180e-01 0.000000000000000000e+00
1.726215362548828125e+00 -6.282910704612731934e-01 0.000000000000000000e+00
1.746372818946838379e+00 -6.013244390487670898e-01 0.000000000000000000e+00
1.730922937393188477e+00 -5.624110102653503418e-01 0.000000000000000000e+00
1.744299888610839844e+00 -5.332860946655273438e-01 0.000000000000000000e+00
1.739883542060852051e+00 -4.989036917686462402e-01 0.000000000000000000e+00
1.743496060371398926e+00 -4.671684503555297852e-01 0.000000000000000000e+00
1.731007575988769531e+00 -4.315887391567230225e-01 0.000000000000000000e+00
1.736327409744262695e+00 -4.008628427982330322e-01 0.000000000000000000e+00
1.709802031517028809e+00 -3.634297251701354980e-01 0.000000000000000000e+00
1.737480044364929199e+00 -3.377319872379302979e-01 0.000000000000000000e+00
1.710610985755920410e+00 -3.016269505023956299e-01 0.000000000000000000e+00
1.721540808677673340e+00 -2.726653516292572021e-01 0.000000000000000000e+00
1.713163733482360840e+00 -2.407695502042770386e-01 0.000000000000000000e+00
1.686335921287536621e+00 -2.070560902357101440e-01 0.000000000000000000e+00
1.728479027748107910e+00 -1.816705614328384399e-01 0.000000000000000000e+00
1.716443538665771484e+00 -1.501694321632385254e-01 0.000000000000000000e+00
1.679897904396057129e+00 -1.174699813127517700e-01 0.000000000000000000e+00
1.681692123413085938e+00 -8.813383430242538452e-02 0.000000000000000000e+00
1.675978422164916992e+00 -5.852653831243515015e-02 0.000000000000000000e+00
1.680743932723999023e+00 -2.933757752180099487e-02 0.000000000000000000e+00
