1.641000032424926758e+00 0.000000000000000000e+00 0.000000000000000000e+00
1.630751609802246094e+00 2.846487611532211304e-02 0.000000000000000000e+00
1.581036329269409180e+00 5.521100386977195740e-02 0.000000000000000000e+00
1.587821006774902344e+00 8.321417123079299927e-02 0.000000000000000000e+00
1.622039198875427246e+00 1.134240254759788513e-01 0.000000000000000000e+00
1.557052254676818848e+00 1.362244188785552979e-01 0.000000000000000000e+00
1.554437637329101562e+00 1.633779853582382202e-01 0.000000000000000000e+00
1.607924818992614746e+00 1.974283307790756226e-01 0.000000000000000000e+00
1.582448482513427734e+00 2.223986238241195679e-01 0.000000000000000000e+00
1.558572173118591309e+00 2.468535751104354858e-01 0.000000000000000000e+00
1.589479684829711914e+00 2.802681624889373779e-01 0.000000000000000000e+00
1.586309552192687988e+00 3.083473443984985352e-01 0.000000000000000000e+00
1.582642793655395508e+00 3.364011049270629883e-01 0.000000000000000000e+00
1.597966909408569336e+00 3.689197301864624023e-01 0.000000000000000000e+00
1.559265255928039551e+00 3.887684941291809082e-01 0.000000000000000000e+00
1.598607182502746582e+00 4.283455014228820801e-01 0.000000000000000000e+00
1.603384494781494141e+00 4.597631096839904785e-01 0.000000000000000000e+00
1.574077606201171875e+00 4.812438189983367920e-01 0.000000000000000000e+00
1.548320055007934570e+00 5.030796527862548828e-01 0.000000000000000000e+00
1.563887715339660645e+00 5.384897589683532715e-01 0.000000000000000000e+00
1.591839313507080078e+00 5.793821215629577637e-01 0.000000000000000000e+00
1.587086796760559082e+00 6.092255115509033203e-01 0.000000000000000000e+00
1.583629965782165527e+00 6.398280262947082520e-01 0.000000000000000000e+00
1.591552853584289551e+00 6.755741238594055176e-01 0.000000000000000000e+00
1.601445198059082031e+00 7.130093574523925781e-01 0.000000000000000000e+00
1.577881932258605957e+00 7.357783913612365723e-01 0.000000000000000000e+00
1.540532946586608887e+00 7.513681054115295410e-01 0.000000000000000000e+00
1.583318591117858887e+00 8.067411184310913086e-01 0.000000000000000000e+00
1.582242131233215332e+00 8.412930369377136230e-01 0.000000000000000000e+00
1.580437898635864258e+00 8.760510087013244629e-01 0.000000000000000000e+00
1.587424516677856445e+00 9.164999723434448242e-01 0.000000000000000000e+00
1.571187615394592285e+00 9.440647363662719727e-01 0.000000000000000000e+00
1.579065561294555664e+00 9.867096543312072754e-01 0.000000000000000000e+00
1.576700687408447266e+00 1.023921370506286621e+00 0.000000000000000000e+00
1.584290862083435059e+00 1.068617582321166992e+00 0.000000000000000000e+00
1.575229406356811523e+00 1.102987408638000488e+00 0.000000000000000000e+00
1.584864258766174316e+00 1.151471257209777832e+00 0.000000000000000000e+00
1.555741906166076660e+00 1.172335624694824219e+00 0.000000000000000000e+00
1.535044908523559570e+00 1.199308514595031738e+00 0.000000000000000000e+00
1.466474413871765137e+00 1.187527537345886230e+00 0.000000000000000000e+00
1.413352012634277344e+00 1.185943126678466797e+00 0.000000000000000000e+00
1.365269660949707031e+00 1.186810731887817383e+00 0.000000000000000000e+00
1.333201885223388672e+00 1.200420260429382324e+00 0.000000000000000000e+00
1.294496059417724609e+00 1.207137107849121094e+00 0.000000000000000000e+00
1.289057016372680664e+00 1.244827866554260254e+00 0.000000000000000000e+00
1.285520076751708984e+00 1.285520076751708984e+00 0.000000000000000000e+00
1.283728718757629395e+00 1.329339981079101562e+00 0.000000000000000000e+00
1.289658904075622559e+00 1.382989883422851562e+00 0.000000000000000000e+00
1.296105980873107910e+00 1.439471602439880371e+00 0.000000000000000000e+00
1.281283259391784668e+00 1.473947763442993164e+00 0.000000000000000000e+00
1.286217927932739258e+00 1.532854914665222168e+00 0.000000000000000000e+00
1.283184289932250977e+00 1.584600687026977539e+00 0.000000000000000000e+00
1.302124023437500000e+00 1.666642785072326660e+00 0.000000000000000000e+00
1.283671379089355469e+00 1.703489422798156738e+00 0.000000000000000000e+00
1.291364192962646484e+00 1.777410387992858887e+00 0.000000000000000000e+00
1.270471811294555664e+00 1.814421653747558594e+00 0.000000000000000000e+00
1.320813655853271484e+00 1.958186745643615723e+00 0.000000000000000000e+00
1.513007283210754395e+00 2.329826831817626953e+00 0.000000000000000000e+00
1.528632998466491699e+00 2.544072389602661133e+00 0.000000000000000000e+00
1.514500021934509277e+00 2.623190879821777344e+00 0.000000000000000000e+00
1.180010795593261719e+00 2.920629262924194336e+00 0.000000000000000000e+00
7.398640513420104980e-01 3.204703092575073242e+00 0.000000000000000000e+00
6.725943088531494141e-01 3.164307355880737305e+00 0.000000000000000000e+00
6.100164055824279785e-01 3.138262033462524414e+00 0.000000000000000000e+00
5.605363249778747559e-01 3.178959369659423828e+00 0.000000000000000000e+00
4.985566735267639160e-01 3.147762775421142578e+00 0.000000000000000000e+00
4.420138299465179443e-01 3.145091533660888672e+00 0.000000000000000000e+00
3.853508830070495605e-01 3.138430833816528320e+00 0.000000000000000000e+00
3.295782804489135742e-01 3.135727643966674805e+00 0.000000000000000000e+00
2.758479714393615723e-01 3.152956247329711914e+00 0.000000000000000000e+00
2.194539010524749756e-01 3.138336420059204102e+00 0.000000000000000000e+00
1.637069135904312134e-01 3.123713254928588867e+00 0.000000000000000000e+00
1.088864654302597046e-01 3.118099212646484375e+00 0.000000000000000000e+00
5.445154383778572083e-02 3.119524717330932617e+00 0.000000000000000000e+00
3.809789816955344577e-08 3.131000041961669922e+00 0.000000000000000000e+00
-5.441656708717346191e-02 3.117525100708007812e+00 0.000000000000000000e+00
-1.095843836665153503e-01 3.138087272644042969e+00 0.000000000000000000e+00
-1.648582220077514648e-01 3.145683050155639648e+00 0.000000000000000000e+00
-2.185469865798950195e-01 3.125368118286132812e+00 0.000000000000000000e+00
-2.719258666038513184e-01 3.108127355575561523e+00 0.000000000000000000e+00
-3.251880109310150146e-01 3.093957662582397461e+00 0.000000000000000000e+00
-3.782823979854583740e-01 3.080863237380981445e+00 0.000000000000000000e+00
-4.357509315013885498e-01 3.100529432296752930e+00 0.000000000000000000e+00
-4.901091158390045166e-01 3.094427585601806641e+00 0.000000000000000000e+00
-1.170991182327270508e+00 -1.255734324455261230e+00 0.000000000000000000e+00
-1.126816034317016602e+00 -1.251455903053283691e+00 0.000000000000000000e+00
-1.094962596893310547e+00 -1.259610295295715332e+00 0.000000000000000000e+00
-1.074098110198974609e+00 -1.280060291290283203e+00 0.000000000000000000e+00
-1.081801772117614746e+00 -1.335913896560668945e+00 0.000000000000000000e+00
-1.000449895858764648e+00 -1.280517458915710449e+00 0.000000000000000000e+00
-9.899857640266418457e-01 -1.313755393028259277e+00 0.000000000000000000e+00
-9.439831376075744629e-01 -1.299281239509582520e+00 0.000000000000000000e+00
-9.205902218818664551e-01 -1.314738988876342773e+00 0.000000000000000000e+00
-8.975046873092651367e-01 -1.330605268478393555e+00 0.000000000000000000e+00
-8.757796287536621094e-01 -1.348582267761230469e+00 0.000000000000000000e+00
-8.499905467033386230e-01 -1.360269069671630859e+00 0.000000000000000000e+00
-8.065496683120727539e-01 -1.342323899269104004e+00 0.000000000000000000e+00
-7.915000319480895996e-01 -1.370918154716491699e+00 0.000000000000000000e+00
-1.077363610267639160e+00 -2.960031747817993164e+00 0.000000000000000000e+00
-1.042143702507019043e+00 -3.026604890823364258e+00 0.000000000000000000e+00
-9.687683582305908203e-01 -2.981562137603759766e+00 0.000000000000000000e+00
-9.095684885978698730e-01 -2.975064039230346680e+00 0.000000000000000000e+00
-8.544758558273315430e-01 -2.979911088943481445e+00 0.000000000000000000e+00
-8.018215298652648926e-01 -2.992438316345214844e+00 0.000000000000000000e+00
-6.586567759513854980e-01 -2.852955579757690430e+00 0.000000000000000000e+00
-5.827765464782714844e-01 -2.741747617721557617e+00 0.000000000000000000e+00
-2.072465866804122925e-01 -2.963762760162353516e+00 0.000000000000000000e+00
-1.539201587438583374e-01 -2.936969518661499023e+00 0.000000000000000000e+00
-1.022556349635124207e-01 -2.928215265274047852e+00 0.000000000000000000e+00
-5.122292041778564453e-02 -2.934552907943725586e+00 0.000000000000000000e+00
-1.075769731073705771e-07 -2.947000026702880859e+00 0.000000000000000000e+00
5.108308792114257812e-02 -2.926554203033447266e+00 0.000000000000000000e+00
1.035467013716697693e-01 -2.965192556381225586e+00 0.000000000000000000e+00
1.520881801843643188e-01 -2.902017354965209961e+00 0.000000000000000000e+00
2.042468488216400146e-01 -2.920867443084716797e+00 0.000000000000000000e+00
5.827305316925048828e-01 -2.997889280319213867e+00 0.000000000000000000e+00
6.332988739013671875e-01 -2.979437589645385742e+00 0.000000000000000000e+00
7.320555448532104492e-01 -2.936115026473999023e+00 0.000000000000000000e+00
7.780099511146545410e-01 -2.903573036193847656e+00 0.000000000000000000e+00
8.404182195663452148e-01 -2.930886983871459961e+00 0.000000000000000000e+00
8.847166895866394043e-01 -2.893778324127197266e+00 0.000000000000000000e+00
9.496091008186340332e-01 -2.922596693038940430e+00 0.000000000000000000e+00
1.010889053344726562e+00 -2.935835123062133789e+00 0.000000000000000000e+00
1.063340544700622559e+00 -2.921504259109497070e+00 0.000000000000000000e+00
1.134234428405761719e+00 -2.954782009124755859e+00 0.000000000000000000e+00
1.598550558090209961e+00 -3.006436586380004883e+00 0.000000000000000000e+00
1.628960132598876953e+00 -2.938722133636474609e+00 0.000000000000000000e+00
1.681999921798706055e+00 -2.913309574127197266e+00 0.000000000000000000e+00
1.690354824066162109e+00 -2.813223123550415039e+00 0.000000000000000000e+00
1.786887645721435547e+00 -2.859618186950683594e+00 0.000000000000000000e+00
1.637729406356811523e+00 -2.521882534027099609e+00 0.000000000000000000e+00
1.645145416259765625e+00 -2.439028501510620117e+00 0.000000000000000000e+00
1.642149209976196289e+00 -2.345232248306274414e+00 0.000000000000000000e+00
1.675187826156616211e+00 -2.305698394775390625e+00 0.000000000000000000e+00
1.654991269111633301e+00 -2.196247816085815430e+00 0.000000000000000000e+00
1.638275146484375000e+00 -2.096896648406982422e+00 0.000000000000000000e+00
1.641267538070678711e+00 -2.026796817779541016e+00 0.000000000000000000e+00
1.624324202537536621e+00 -1.935794353485107422e+00 0.000000000000000000e+00
1.594879388809204102e+00 -1.834699034690856934e+00 0.000000000000000000e+00
1.611935496330261230e+00 -1.790235877037048340e+00 0.000000000000000000e+00
1.621792078018188477e+00 -1.739159226417541504e+00 0.000000000000000000e+00
1.624805808067321777e+00 -1.682535886764526367e+00 0.000000000000000000e+00
1.622810006141662598e+00 -1.622810244560241699e+00 0.000000000000000000e+00
1.617795228958129883e+00 -1.562286853790283203e+00 0.000000000000000000e+00
1.638963580131530762e+00 -1.528358340263366699e+00 0.000000000000000000e+00
1.617826223373413086e+00 -1.456697463989257812e+00 0.000000000000000000e+00
1.636210322380065918e+00 -1.422335982322692871e+00 0.000000000000000000e+00
1.629376530647277832e+00 -1.367209434509277344e+00 0.000000000000000000e+00
1.625789284706115723e+00 -1.316538333892822266e+00 0.000000000000000000e+00
1.624878168106079102e+00 -1.269494056701660156e+00 0.000000000000000000e+00
1.616438150405883789e+00 -1.218073606491088867e+00 0.000000000000000000e+00
1.628551125526428223e+00 -1.183211803436279297e+00 0.000000000000000000e+00
1.618644356727600098e+00 -1.133387088775634766e+00 0.000000000000000000e+00
1.634862065315246582e+00 -1.102728486061096191e+00 0.000000000000000000e+00
1.643794298171997070e+00 -1.067492604255676270e+00 0.000000000000000000e+00
1.633340597152709961e+00 -1.020624518394470215e+00 0.000000000000000000e+00
1.623474836349487305e+00 -9.754822254180908203e-01 0.000000000000000000e+00
1.621199488639831543e+00 -9.360000491142272949e-01 0.000000000000000000e+00
1.619795680046081543e+00 -8.978675007820129395e-01 0.000000000000000000e+00
1.600783944129943848e+00 -8.511520028114318848e-01 0.000000000000000000e+00
1.598465681076049805e+00 -8.144590258598327637e-01 0.000000000000000000e+00
1.554913640022277832e+00 -7.583821415901184082e-01 0.000000000000000000e+00
1.610508799552917480e+00 -7.509927153587341309e-01 0.000000000000000000e+00
1.604185819625854492e+00 -7.142296433448791504e-01 0.000000000000000000e+00
1.607201457023620605e+00 -6.822166442871093750e-01 0.000000000000000000e+00
1.606809616088867188e+00 -6.491932868957519531e-01 0.000000000000000000e+00
1.586153149604797363e+00 -6.088672280311584473e-01 0.000000000000000000e+00
1.595597982406616211e+00 -5.807502865791320801e-01 0.000000000000000000e+00
1.593198776245117188e+00 -5.485823750495910645e-01 0.000000000000000000e+00
1.606334447860717773e+00 -5.219298005104064941e-01 0.000000000000000000e+00
1.611373424530029297e+00 -4.926463663578033447e-01 0.000000000000000000e+00
1.613958358764648438e+00 -4.627951979637145996e-01 0.000000000000000000e+00
1.610198378562927246e+00 -4.314514398574829102e-01 0.000000000000000000e+00
1.613601803779602051e+00 -4.023161828517913818e-01 0.000000000000000000e+00
1.634018659591674805e+00 -3.772430121898651123e-01 0.000000000000000000e+00
1.593402385711669922e+00 -3.386881947517395020e-01 0.000000000000000000e+00
1.584346175193786621e+00 -3.079657852649688721e-01 0.000000000000000000e+00
1.573722839355468750e+00 -2.774898707866668701e-01 0.000000000000000000e+00
1.612895011901855469e+00 -2.554575502872467041e-01 0.000000000000000000e+00
1.588389992713928223e+00 -2.232337296009063721e-01 0.000000000000000000e+00
1.624798059463500977e+00 -1.995001882314682007e-01 0.000000000000000000e+00
1.619081616401672363e+00 -1.701724231243133545e-01 0.000000000000000000e+00
1.632763147354125977e+00 -1.428483426570892334e-01 0.000000000000000000e+00
1.628024458885192871e+00 -1.138426437973976135e-01 0.000000000000000000e+00
1.649735927581787109e+00 -8.645907789468765259e-02 0.000000000000000000e+00
1.614016175270080566e+00 -5.636276677250862122e-02 0.000000000000000000e+00
1.651748299598693848e+00 -2.883145399391651154e-02 0.000000000000000000e+00
