-1.955857396125793457e+00 -1.955857276916503906e+00 0.000000000000000000e+00
-1.894333481788635254e+00 -1.961639523506164551e+00 0.000000000000000000e+00
-1.788199782371520996e+00 -1.917609333992004395e+00 0.000000000000000000e+00
-1.716989159584045410e+00 -1.906909584999084473e+00 0.000000000000000000e+00
-1.667045950889587402e+00 -1.917716860771179199e+00 0.000000000000000000e+00
-1.619182109832763672e+00 -1.929665923118591309e+00 0.000000000000000000e+00
-1.568895816802978516e+00 -1.937424898147583008e+00 0.000000000000000000e+00
-1.516989946365356445e+00 -1.941658496856689453e+00 0.000000000000000000e+00
-1.012483358383178711e+00 -3.311683416366577148e+00 0.000000000000000000e+00
8.452749848365783691e-01 -3.390213251113891602e+00 0.000000000000000000e+00
