1.621000051498413086e+00 0.000000000000000000e+00 0.000000000000000000e+00
1.599756360054016113e+00 2.792385034263134003e-02 0.000000000000000000e+00
1.610018610954284668e+00 5.622308701276779175e-02 0.000000000000000000e+00
1.570844173431396484e+00 8.232445269823074341e-02 0.000000000000000000e+00
1.594107389450073242e+00 1.114708483219146729e-01 0.000000000000000000e+00
1.556056141853332520e+00 1.361372768878936768e-01 0.000000000000000000e+00
1.592229485511779785e+00 1.673500686883926392e-01 0.000000000000000000e+00
1.574178218841552734e+00 1.932847797870635986e-01 0.000000000000000000e+00
1.560662508010864258e+00 2.193368077278137207e-01 0.000000000000000000e+00
1.612895131111145020e+00 2.554574906826019287e-01 0.000000000000000000e+00
1.598343014717102051e+00 2.818309962749481201e-01 0.000000000000000000e+00
1.554897427558898926e+00 3.022414445877075195e-01 0.000000000000000000e+00
1.572861433029174805e+00 3.343220055103302002e-01 0.000000000000000000e+00
1.609659314155578613e+00 3.716191351413726807e-01 0.000000000000000000e+00
1.549562335014343262e+00 3.863492608070373535e-01 0.000000000000000000e+00
1.589913964271545410e+00 4.260161519050598145e-01 0.000000000000000000e+00
1.591849446296691895e+00 4.564554691314697266e-01 0.000000000000000000e+00
1.553038835525512695e+00 4.748116433620452881e-01 0.000000000000000000e+00
1.593970775604248047e+00 5.179125070571899414e-01 0.000000000000000000e+00
1.623455405235290527e+00 5.590004920959472656e-01 0.000000000000000000e+00
1.583382010459899902e+00 5.763038992881774902e-01 0.000000000000000000e+00
1.589887380599975586e+00 6.103006005287170410e-01 0.000000000000000000e+00
1.589193105697631836e+00 6.420757174491882324e-01 0.000000000000000000e+00
1.597996354103088379e+00 6.783092021942138672e-01 0.000000000000000000e+00
1.533842802047729492e+00 6.829107999801635742e-01 0.000000000000000000e+00
1.562474608421325684e+00 7.285938858985900879e-01 0.000000000000000000e+00
1.568395614624023438e+00 7.649576663970947266e-01 0.000000000000000000e+00
1.570844531059265137e+00 8.003852367401123047e-01 0.000000000000000000e+00
1.589305639266967773e+00 8.450487852096557617e-01 0.000000000000000000e+00
1.576064705848693848e+00 8.736269474029541016e-01 0.000000000000000000e+00
1.562309861183166504e+00 9.020000100135803223e-01 0.000000000000000000e+00
1.592616915702819824e+00 9.569407701492309570e-01 0.000000000000000000e+00
1.616379737854003906e+00 1.010026097297668457e+00 0.000000000000000000e+00
1.568313956260681152e+00 1.018474936485290527e+00 0.000000000000000000e+00
1.557761549949645996e+00 1.050723433494567871e+00 0.000000000000000000e+00
1.570314526557922363e+00 1.099546074867248535e+00 0.000000000000000000e+00
1.580819249153137207e+00 1.148532390594482422e+00 0.000000000000000000e+00
1.588485956192016602e+00 1.197010040283203125e+00 0.000000000000000000e+00
1.547653079032897949e+00 1.209159135818481445e+00 0.000000000000000000e+00
1.471914529800415039e+00 1.191932797431945801e+00 0.000000000000000000e+00
1.406457543373107910e+00 1.180158019065856934e+00 0.000000000000000000e+00
1.382627964019775391e+00 1.201900124549865723e+00 0.000000000000000000e+00
1.315366387367248535e+00 1.184361100196838379e+00 0.000000000000000000e+00
1.287182569503784180e+00 1.200317144393920898e+00 0.000000000000000000e+00
1.285460233688354492e+00 1.241354465484619141e+00 0.000000000000000000e+00
1.284813046455383301e+00 1.284813046455383301e+00 0.000000000000000000e+00
1.270530223846435547e+00 1.315672516822814941e+00 0.000000000000000000e+00
1.286248922348022461e+00 1.379333138465881348e+00 0.000000000000000000e+00
1.282723426818847656e+00 1.424608707427978516e+00 0.000000000000000000e+00
1.283907532691955566e+00 1.476966619491577148e+00 0.000000000000000000e+00
1.279790163040161133e+00 1.525194525718688965e+00 0.000000000000000000e+00
1.269968509674072266e+00 1.568280458450317383e+00 0.000000000000000000e+00
1.262721776962280273e+00 1.616210103034973145e+00 0.000000000000000000e+00
1.254182577133178711e+00 1.664356470108032227e+00 0.000000000000000000e+00
1.275494098663330078e+00 1.755566954612731934e+00 0.000000000000000000e+00
1.262441754341125488e+00 1.802953600883483887e+00 0.000000000000000000e+00
1.269367933273315430e+00 1.881915211677551270e+00 0.000000000000000000e+00
1.515730500221252441e+00 2.334020137786865234e+00 0.000000000000000000e+00
1.502500057220458984e+00 2.602406501770019531e+00 0.000000000000000000e+00
1.531998515129089355e+00 2.763798236846923828e+00 0.000000000000000000e+00
1.117826104164123535e+00 2.766716480255126953e+00 0.000000000000000000e+00
7.620359659194946289e-01 2.345305442810058594e+00 0.000000000000000000e+00
6.769605278968811035e-01 3.184848546981811523e+00 0.000000000000000000e+00
6.252810955047607422e-01 3.216792106628417969e+00 0.000000000000000000e+00
3.853253424167633057e-01 2.185288429260253906e+00 0.000000000000000000e+00
3.418093323707580566e-01 2.158098936080932617e+00 0.000000000000000000e+00
4.482765793800354004e-01 3.189653396606445312e+00 0.000000000000000000e+00
4.179854318499565125e-02 2.394635200500488281e+00 0.000000000000000000e+00
3.531143377699663688e-08 2.901999950408935547e+00 0.000000000000000000e+00
-4.137962684035301208e-02 2.370638847351074219e+00 0.000000000000000000e+00
-1.110501587390899658e-01 3.180061578750610352e+00 0.000000000000000000e+00
-1.710338592529296875e-01 3.263521194458007812e+00 0.000000000000000000e+00
-2.197328656911849976e-01 3.142326831817626953e+00 0.000000000000000000e+00
-2.730588912963867188e-01 3.121077775955200195e+00 0.000000000000000000e+00
-3.282193541526794434e-01 3.122798919677734375e+00 0.000000000000000000e+00
-3.810853958129882812e-01 3.103691816329956055e+00 0.000000000000000000e+00
-4.350550770759582520e-01 3.095577955245971680e+00 0.000000000000000000e+00
-4.901091158390045166e-01 3.094427585601806641e+00 0.000000000000000000e+00
-5.442133545875549316e-01 3.086387634277343750e+00 0.000000000000000000e+00
-1.605645060539245605e+00 2.055132150650024414e+00 0.000000000000000000e+00
-1.672104239463806152e+00 2.064876794815063477e+00 0.000000000000000000e+00
-1.635251641273498535e+00 1.948817014694213867e+00 0.000000000000000000e+00
-1.663765668869018555e+00 1.913943529129028320e+00 0.000000000000000000e+00
-1.691562175750732422e+00 1.878670215606689453e+00 0.000000000000000000e+00
-1.701585769653320312e+00 1.824727416038513184e+00 0.000000000000000000e+00
-1.749844431877136230e+00 1.812017083168029785e+00 0.000000000000000000e+00
-1.763524293899536133e+00 1.763524293899536133e+00 0.000000000000000000e+00
-1.827842354774475098e+00 1.765126824378967285e+00 0.000000000000000000e+00
-1.861295223236083984e+00 1.735685944557189941e+00 0.000000000000000000e+00
-3.092750310897827148e+00 1.508435130119323730e+00 0.000000000000000000e+00
-3.153951168060302734e+00 1.470711588859558105e+00 0.000000000000000000e+00
-3.317876577377319336e+00 7.052364945411682129e-01 0.000000000000000000e+00
-3.374936103820800781e+00 5.950924158096313477e-01 0.000000000000000000e+00
-1.756735563278198242e+00 2.468931227922439575e-01 0.000000000000000000e+00
-1.690306067466735840e+00 2.075435221195220947e-01 0.000000000000000000e+00
-1.722511887550354004e+00 1.810433417558670044e-01 0.000000000000000000e+00
-1.713454961776733398e+00 1.499079167842864990e-01 0.000000000000000000e+00
-1.662939310073852539e+00 1.162840873003005981e-01 0.000000000000000000e+00
-1.666712760925292969e+00 8.734875172376632690e-02 0.000000000000000000e+00
-1.955807805061340332e+00 6.829836219549179077e-02 0.000000000000000000e+00
-1.753999948501586914e+00 4.268521891503951338e-08 0.000000000000000000e+00
-9.829556941986083984e-01 -7.141590714454650879e-01 0.000000000000000000e+00
-1.171673297882080078e+00 -1.256465673446655273e+00 0.000000000000000000e+00
-1.132838129997253418e+00 -1.258144140243530273e+00 0.000000000000000000e+00
-1.109395861625671387e+00 -1.276213884353637695e+00 0.000000000000000000e+00
-1.072812557220458984e+00 -1.278528213500976562e+00 0.000000000000000000e+00
-1.067327380180358887e+00 -1.318039536476135254e+00 0.000000000000000000e+00
-1.016457200050354004e+00 -1.301005721092224121e+00 0.000000000000000000e+00
-9.803566932678222656e-01 -1.300977230072021484e+00 0.000000000000000000e+00
-9.439831376075744629e-01 -1.299281239509582520e+00 0.000000000000000000e+00
-9.142808914184570312e-01 -1.305728316307067871e+00 0.000000000000000000e+00
-8.874391913414001465e-01 -1.315682649612426758e+00 0.000000000000000000e+00
-8.578065633773803711e-01 -1.320906162261962891e+00 0.000000000000000000e+00
-8.208450078964233398e-01 -1.313626527786254883e+00 0.000000000000000000e+00
-8.075796961784362793e-01 -1.344038248062133789e+00 0.000000000000000000e+00
-7.755000591278076172e-01 -1.343205332756042480e+00 0.000000000000000000e+00
-1.474107265472412109e+00 -2.893098115921020508e+00 0.000000000000000000e+00
-1.089676260948181152e+00 -2.993860721588134766e+00 0.000000000000000000e+00
-1.063956737518310547e+00 -3.089954614639282227e+00 0.000000000000000000e+00
-9.798929691314697266e-01 -3.015800237655639648e+00 0.000000000000000000e+00
-9.151235818862915039e-01 -2.993233919143676758e+00 0.000000000000000000e+00
-9.178724884986877441e-01 -3.201001405715942383e+00 0.000000000000000000e+00
-8.116565942764282227e-01 -3.029143333435058594e+00 0.000000000000000000e+00
-6.665300726890563965e-01 -2.887058496475219727e+00 0.000000000000000000e+00
-2.067582905292510986e-01 -2.956779718399047852e+00 0.000000000000000000e+00
-1.555425673723220825e-01 -2.967926740646362305e+00 0.000000000000000000e+00
-1.023952290415763855e-01 -2.932212591171264648e+00 0.000000000000000000e+00
-5.188611149787902832e-02 -2.972547292709350586e+00 0.000000000000000000e+00
-1.093656649686636229e-07 -2.996000051498413086e+00 0.000000000000000000e+00
5.151939392089843750e-02 -2.951550245285034180e+00 0.000000000000000000e+00
1.039305925369262695e-01 -2.976185798645019531e+00 0.000000000000000000e+00
1.564843952655792236e-01 -2.985902309417724609e+00 0.000000000000000000e+00
2.080136984586715698e-01 -2.974736213684082031e+00 0.000000000000000000e+00
6.212400197982788086e-01 -2.922704935073852539e+00 0.000000000000000000e+00
7.039926052093505859e-01 -2.823560714721679688e+00 0.000000000000000000e+00
8.072564601898193359e-01 -3.012722730636596680e+00 0.000000000000000000e+00
8.456553220748901367e-01 -2.949151039123535156e+00 0.000000000000000000e+00
9.007971286773681641e-01 -2.946375131607055664e+00 0.000000000000000000e+00
9.462099075317382812e-01 -2.912135124206542969e+00 0.000000000000000000e+00
1.003726482391357422e+00 -2.915033817291259766e+00 0.000000000000000000e+00
1.066760659217834473e+00 -2.930901288986206055e+00 0.000000000000000000e+00
1.130650758743286133e+00 -2.945446252822875977e+00 0.000000000000000000e+00
1.483640789985656738e+00 -2.911809206008911133e+00 0.000000000000000000e+00
1.552542328834533691e+00 -2.919907569885253906e+00 0.000000000000000000e+00
1.621688127517700195e+00 -2.925602912902832031e+00 0.000000000000000000e+00
1.701999902725219727e+00 -2.947950601577758789e+00 0.000000000000000000e+00
1.693960189819335938e+00 -2.819223403930664062e+00 0.000000000000000000e+00
1.625262260437011719e+00 -2.600963592529296875e+00 0.000000000000000000e+00
1.662238240242004395e+00 -2.559622764587402344e+00 0.000000000000000000e+00
1.628369569778442383e+00 -2.414157390594482422e+00 0.000000000000000000e+00
1.617485404014587402e+00 -2.310008764266967773e+00 0.000000000000000000e+00
1.609355926513671875e+00 -2.215088605880737305e+00 0.000000000000000000e+00
1.637538552284240723e+00 -2.173087358474731445e+00 0.000000000000000000e+00
1.627193093299865723e+00 -2.082712411880493164e+00 0.000000000000000000e+00
1.616094708442687988e+00 -1.995710968971252441e+00 0.000000000000000000e+00
1.622395753860473633e+00 -1.933496236801147461e+00 0.000000000000000000e+00
1.624402165412902832e+00 -1.868661046028137207e+00 0.000000000000000000e+00
1.626656413078308105e+00 -1.806585192680358887e+00 0.000000000000000000e+00
1.616335988044738770e+00 -1.733308315277099609e+00 0.000000000000000000e+00
1.626889824867248535e+00 -1.684693932533264160e+00 0.000000000000000000e+00
1.619981527328491211e+00 -1.619981646537780762e+00 0.000000000000000000e+00
1.646568775177001953e+00 -1.590073108673095703e+00 0.000000000000000000e+00
1.625067830085754395e+00 -1.515400290489196777e+00 0.000000000000000000e+00
1.631946086883544922e+00 -1.469410896301269531e+00 0.000000000000000000e+00
1.631682038307189941e+00 -1.418399691581726074e+00 0.000000000000000000e+00
1.626312255859375000e+00 -1.364638090133666992e+00 0.000000000000000000e+00
1.617240786552429199e+00 -1.309615850448608398e+00 0.000000000000000000e+00
1.624090194702148438e+00 -1.268878459930419922e+00 0.000000000000000000e+00
1.618834137916564941e+00 -1.219879150390625000e+00 0.000000000000000000e+00
1.623697042465209961e+00 -1.179684996604919434e+00 0.000000000000000000e+00
1.615367770195007324e+00 -1.131092786788940430e+00 0.000000000000000000e+00
1.609990954399108887e+00 -1.085952758789062500e+00 0.000000000000000000e+00
1.604376792907714844e+00 -1.041894555091857910e+00 0.000000000000000000e+00
1.609595298767089844e+00 -1.005786776542663574e+00 0.000000000000000000e+00
1.602902770042419434e+00 -9.631212949752807617e-01 0.000000000000000000e+00
1.612539291381835938e+00 -9.310000538825988770e-01 0.000000000000000000e+00
1.623294115066528320e+00 -8.998066782951354980e-01 0.000000000000000000e+00
1.614028096199035645e+00 -8.581940531730651855e-01 0.000000000000000000e+00
1.624304771423339844e+00 -8.276247382164001465e-01 0.000000000000000000e+00
1.622323155403137207e+00 -7.912599444389343262e-01 0.000000000000000000e+00
1.625009775161743164e+00 -7.577546238899230957e-01 0.000000000000000000e+00
1.614234805107116699e+00 -7.187036871910095215e-01 0.000000000000000000e+00
1.632055044174194336e+00 -6.927663683891296387e-01 0.000000000000000000e+00
1.621644496917724609e+00 -6.551870107650756836e-01 0.000000000000000000e+00
1.600156784057617188e+00 -6.142427325248718262e-01 0.000000000000000000e+00
1.633185744285583496e+00 -5.944311022758483887e-01 0.000000000000000000e+00
1.606436014175415039e+00 -5.531403422355651855e-01 0.000000000000000000e+00
1.615844964981079102e+00 -5.250199437141418457e-01 0.000000000000000000e+00
1.607548236846923828e+00 -4.914769232273101807e-01 0.000000000000000000e+00
1.594733119010925293e+00 -4.572824537754058838e-01 0.000000000000000000e+00
1.615028023719787598e+00 -4.327455461025238037e-01 0.000000000000000000e+00
1.615542292594909668e+00 -4.028000235557556152e-01 0.000000000000000000e+00
1.619403004646301270e+00 -3.738687038421630859e-01 0.000000000000000000e+00
1.611987233161926270e+00 -3.426385521888732910e-01 0.000000000000000000e+00
1.554897427558898926e+00 -3.022415339946746826e-01 0.000000000000000000e+00
1.573722839355468750e+00 -2.774898707866668701e-01 0.000000000000000000e+00
1.635611891746520996e+00 -2.590555548667907715e-01 0.000000000000000000e+00
1.612156391143798828e+00 -2.265738844871520996e-01 0.000000000000000000e+00
1.601969480514526367e+00 -1.966971904039382935e-01 0.000000000000000000e+00
1.619081616401672363e+00 -1.701724231243133545e-01 0.000000000000000000e+00
1.619812607765197754e+00 -1.417153179645538330e-01 0.000000000000000000e+00
1.623036623001098633e+00 -1.134938597679138184e-01 0.000000000000000000e+00
1.576835989952087402e+00 -8.263855427503585815e-02 0.000000000000000000e+00
1.606021046638488770e+00 -5.608356744050979614e-02 0.000000000000000000e+00
1.596756815910339355e+00 -2.787157148122787476e-02 0.000000000000000000e+00
