1.628999948501586914e+00 0.000000000000000000e+00 0.000000000000000000e+00
1.643749713897705078e+00 2.869175747036933899e-02 0.000000000000000000e+00
1.623010635375976562e+00 5.667677894234657288e-02 0.000000000000000000e+00
1.591815471649169922e+00 8.342351019382476807e-02 0.000000000000000000e+00
1.525275468826293945e+00 1.066576540470123291e-01 0.000000000000000000e+00
1.574983835220336914e+00 1.377932280302047729e-01 0.000000000000000000e+00
1.592229485511779785e+00 1.673500686883926392e-01 0.000000000000000000e+00
1.573185682296752930e+00 1.931629180908203125e-01 0.000000000000000000e+00
1.604234218597412109e+00 2.254604250192642212e-01 0.000000000000000000e+00
1.608944296836853027e+00 2.548317313194274902e-01 0.000000000000000000e+00
1.577661991119384766e+00 2.781843841075897217e-01 0.000000000000000000e+00
1.579438090324401855e+00 3.070116639137268066e-01 0.000000000000000000e+00
1.583620905876159668e+00 3.366090059280395508e-01 0.000000000000000000e+00
1.583351373672485352e+00 3.655454516410827637e-01 0.000000000000000000e+00
1.573819637298583984e+00 3.923973143100738525e-01 0.000000000000000000e+00
1.571561336517333984e+00 4.210985898971557617e-01 0.000000000000000000e+00
1.585120558738708496e+00 4.545260071754455566e-01 0.000000000000000000e+00
1.591291189193725586e+00 4.865065217018127441e-01 0.000000000000000000e+00
1.589215397834777832e+00 5.163673758506774902e-01 0.000000000000000000e+00
1.561051249504089355e+00 5.375130176544189453e-01 0.000000000000000000e+00
1.581502676010131836e+00 5.756198763847351074e-01 0.000000000000000000e+00
1.559079289436340332e+00 5.984744429588317871e-01 0.000000000000000000e+00
1.559523224830627441e+00 6.300883293151855469e-01 0.000000000000000000e+00
1.595234990119934082e+00 6.771370768547058105e-01 0.000000000000000000e+00
1.564903378486633301e+00 6.967399120330810547e-01 0.000000000000000000e+00
1.562474608421325684e+00 7.285938858985900879e-01 0.000000000000000000e+00
1.576484680175781250e+00 7.689029574394226074e-01 0.000000000000000000e+00
1.585100650787353516e+00 8.076491355895996094e-01 0.000000000000000000e+00
1.584007978439331055e+00 8.422319889068603516e-01 0.000000000000000000e+00
1.558572292327880859e+00 8.639307022094726562e-01 0.000000000000000000e+00
1.573568224906921387e+00 9.085000157356262207e-01 0.000000000000000000e+00
1.562615990638732910e+00 9.389143586158752441e-01 0.000000000000000000e+00
1.579913616180419922e+00 9.872395992279052734e-01 0.000000000000000000e+00
1.575861930847167969e+00 1.023376703262329102e+00 0.000000000000000000e+00
1.573513269424438477e+00 1.061348080635070801e+00 0.000000000000000000e+00
1.580144286155700684e+00 1.106428980827331543e+00 0.000000000000000000e+00
1.573538064956665039e+00 1.143242359161376953e+00 0.000000000000000000e+00
1.560533761978149414e+00 1.175946593284606934e+00 0.000000000000000000e+00
1.508252620697021484e+00 1.178376078605651855e+00 0.000000000000000000e+00
1.453262925148010254e+00 1.176829099655151367e+00 0.000000000000000000e+00
1.407223701477050781e+00 1.180800795555114746e+00 0.000000000000000000e+00
1.370552539825439453e+00 1.191403150558471680e+00 0.000000000000000000e+00
1.321311473846435547e+00 1.189714193344116211e+00 0.000000000000000000e+00
1.296690106391906738e+00 1.209183096885681152e+00 0.000000000000000000e+00
1.284021496772766113e+00 1.239965200424194336e+00 0.000000000000000000e+00
1.301783561706542969e+00 1.301783561706542969e+00 0.000000000000000000e+00
1.283728718757629395e+00 1.329339981079101562e+00 0.000000000000000000e+00
1.287612915039062500e+00 1.380795836448669434e+00 0.000000000000000000e+00
1.301459074020385742e+00 1.445416688919067383e+00 0.000000000000000000e+00
1.293748378753662109e+00 1.488287329673767090e+00 0.000000000000000000e+00
1.298430919647216797e+00 1.547409772872924805e+00 0.000000000000000000e+00
1.286960244178771973e+00 1.589263558387756348e+00 0.000000000000000000e+00
1.283654212951660156e+00 1.643002390861511230e+00 0.000000000000000000e+00
1.298716783523559570e+00 1.723455429077148438e+00 0.000000000000000000e+00
1.288425207138061523e+00 1.773365139961242676e+00 0.000000000000000000e+00
1.271618962287902832e+00 1.816060066223144531e+00 0.000000000000000000e+00
1.424264311790466309e+00 2.111558675765991211e+00 0.000000000000000000e+00
1.530435681343078613e+00 2.356664180755615234e+00 0.000000000000000000e+00
1.519362330436706543e+00 2.528643608093261719e+00 0.000000000000000000e+00
1.530500054359436035e+00 2.650903940200805664e+00 0.000000000000000000e+00
1.363260984420776367e+00 3.211641550064086914e+00 0.000000000000000000e+00
1.149667620658874512e+00 2.845527172088623047e+00 0.000000000000000000e+00
7.470625042915344238e-01 3.235882997512817383e+00 0.000000000000000000e+00
6.757130026817321777e-01 3.178979635238647461e+00 0.000000000000000000e+00
6.216557025909423828e-01 3.198141336441040039e+00 0.000000000000000000e+00
5.605363249778747559e-01 3.178959369659423828e+00 0.000000000000000000e+00
5.023111104965209961e-01 3.171467304229736328e+00 0.000000000000000000e+00
4.457714855670928955e-01 3.171828746795654297e+00 0.000000000000000000e+00
4.059468209743499756e-01 3.306171417236328125e+00 0.000000000000000000e+00
3.181846737861633301e-01 3.027324438095092773e+00 0.000000000000000000e+00
2.415957599878311157e-01 2.761451721191406250e+00 0.000000000000000000e+00
1.847151666879653931e-01 2.641549587249755859e+00 0.000000000000000000e+00
1.413594484329223633e-01 2.697298288345336914e+00 0.000000000000000000e+00
9.314678609371185303e-02 2.667374134063720703e+00 0.000000000000000000e+00
4.628381133079528809e-02 2.651596069335937500e+00 0.000000000000000000e+00
3.242762502964069427e-08 2.664999961853027344e+00 0.000000000000000000e+00
-4.595215246081352234e-02 2.632598876953125000e+00 0.000000000000000000e+00
-9.506619721651077271e-02 2.722340583801269531e+00 0.000000000000000000e+00
-1.644918620586395264e-01 3.138692617416381836e+00 0.000000000000000000e+00
-2.208489477634429932e-01 3.158287763595581055e+00 0.000000000000000000e+00
-2.744534015655517578e-01 3.137017011642456055e+00 0.000000000000000000e+00
-3.274876177310943604e-01 3.115837097167968750e+00 0.000000000000000000e+00
-3.890068829059600830e-01 3.168207168579101562e+00 0.000000000000000000e+00
-4.424312412738800049e-01 3.148061990737915039e+00 0.000000000000000000e+00
-4.916734695434570312e-01 3.104304313659667969e+00 0.000000000000000000e+00
-5.530694127082824707e-01 3.136612653732299805e+00 0.000000000000000000e+00
-1.482270359992980957e+00 1.967039346694946289e+00 0.000000000000000000e+00
-1.473277807235717773e+00 1.885709643363952637e+00 0.000000000000000000e+00
-1.475756287574768066e+00 1.822407364845275879e+00 0.000000000000000000e+00
-1.469412446022033691e+00 1.751177668571472168e+00 0.000000000000000000e+00
-1.498438715934753418e+00 1.723756670951843262e+00 0.000000000000000000e+00
-1.525617718696594238e+00 1.694370150566101074e+00 0.000000000000000000e+00
-1.550182223320007324e+00 1.662366986274719238e+00 0.000000000000000000e+00
-1.602576732635498047e+00 1.659516930580139160e+00 0.000000000000000000e+00
-1.651801347732543945e+00 1.651801466941833496e+00 0.000000000000000000e+00
-3.097138643264770508e+00 1.578071117401123047e+00 0.000000000000000000e+00
-3.111624956130981445e+00 1.517640948295593262e+00 0.000000000000000000e+00
-3.124949216842651367e+00 1.457187771797180176e+00 0.000000000000000000e+00
-3.324723720550537109e+00 7.066919207572937012e-01 0.000000000000000000e+00
-3.338514089584350586e+00 6.489414572715759277e-01 0.000000000000000000e+00
-1.752774477005004883e+00 2.463364303112030029e-01 0.000000000000000000e+00
-1.767724752426147461e+00 2.170493453741073608e-01 0.000000000000000000e+00
-1.698643326759338379e+00 1.785346567630767822e-01 0.000000000000000000e+00
-1.702496767044067383e+00 1.489492058753967285e-01 0.000000000000000000e+00
-1.689873456954956055e+00 1.181675046682357788e-01 0.000000000000000000e+00
-1.554866194725036621e+00 8.148712664842605591e-02 0.000000000000000000e+00
-1.904000043869018555e+00 4.633561090372495528e-08 0.000000000000000000e+00
-1.159397244453430176e+00 -1.243301272392272949e+00 0.000000000000000000e+00
-1.112095117568969727e+00 -1.235106587409973145e+00 0.000000000000000000e+00
-1.095618605613708496e+00 -1.260364890098571777e+00 0.000000000000000000e+00
-1.073455333709716797e+00 -1.279294133186340332e+00 0.000000000000000000e+00
-1.057887673377990723e+00 -1.306382298469543457e+00 0.000000000000000000e+00
-9.961403012275695801e-01 -1.275001406669616699e+00 0.000000000000000000e+00
-9.689222574234008789e-01 -1.285803198814392090e+00 0.000000000000000000e+00
-9.369297027587890625e-01 -1.289573073387145996e+00 0.000000000000000000e+00
-9.125601053237915039e-01 -1.303270816802978516e+00 0.000000000000000000e+00
-8.902351260185241699e-01 -1.319827795028686523e+00 0.000000000000000000e+00
-8.637975454330444336e-01 -1.330131411552429199e+00 0.000000000000000000e+00
-8.097167015075683594e-01 -1.295817494392395020e+00 0.000000000000000000e+00
-7.890383601188659668e-01 -1.313180208206176758e+00 0.000000000000000000e+00
-1.483641028404235840e+00 -2.911809206008911133e+00 0.000000000000000000e+00
-1.100620865821838379e+00 -3.023930788040161133e+00 0.000000000000000000e+00
-1.040515899658203125e+00 -3.021877527236938477e+00 0.000000000000000000e+00
-9.811290502548217773e-01 -3.019604444503784180e+00 0.000000000000000000e+00
-9.788606166839599609e-01 -3.201708316802978516e+00 0.000000000000000000e+00
-8.652257323265075684e-01 -3.017400264739990234e+00 0.000000000000000000e+00
-8.057037591934204102e-01 -3.006927013397216797e+00 0.000000000000000000e+00
-6.683296561241149902e-01 -2.894853353500366211e+00 0.000000000000000000e+00
-6.123000383377075195e-01 -2.880644559860229492e+00 0.000000000000000000e+00
-2.082929462194442749e-01 -2.978726387023925781e+00 0.000000000000000000e+00
-1.563799381256103516e-01 -2.983905076980590820e+00 0.000000000000000000e+00
-1.043147072196006775e-01 -2.987179279327392578e+00 0.000000000000000000e+00
-5.181630328297615051e-02 -2.968547821044921875e+00 0.000000000000000000e+00
-1.079420144378673285e-07 -2.957000017166137695e+00 0.000000000000000000e+00
5.211277678608894348e-02 -2.985545396804809570e+00 0.000000000000000000e+00
1.042097881436347961e-01 -2.984181165695190430e+00 0.000000000000000000e+00
1.562750637531280518e-01 -2.981907844543457031e+00 0.000000000000000000e+00
2.324284464120864868e-01 -3.323883533477783203e+00 0.000000000000000000e+00
4.541291594505310059e-01 -2.867259502410888672e+00 0.000000000000000000e+00
7.281848192214965820e-01 -2.920590162277221680e+00 0.000000000000000000e+00
7.909508943557739258e-01 -2.951869249343872070e+00 0.000000000000000000e+00
8.448284268379211426e-01 -2.946267127990722656e+00 0.000000000000000000e+00
9.028437137603759766e-01 -2.953069210052490234e+00 0.000000000000000000e+00
9.502271413803100586e-01 -2.924498796463012695e+00 0.000000000000000000e+00
1.030097484588623047e+00 -2.991620779037475586e+00 0.000000000000000000e+00
1.093096256256103516e+00 -3.003257751464843750e+00 0.000000000000000000e+00
1.203757762908935547e+00 -3.135896682739257812e+00 0.000000000000000000e+00
1.494990587234497070e+00 -2.934084415435791016e+00 0.000000000000000000e+00
1.634777903556823730e+00 -2.949217796325683594e+00 0.000000000000000000e+00
1.713999867439270020e+00 -2.968735218048095703e+00 0.000000000000000000e+00
1.683144211769104004e+00 -2.801222801208496094e+00 0.000000000000000000e+00
1.628971695899963379e+00 -2.606899738311767578e+00 0.000000000000000000e+00
1.790228366851806641e+00 -2.756710290908813477e+00 0.000000000000000000e+00
1.654651761054992676e+00 -2.453122377395629883e+00 0.000000000000000000e+00
1.763747453689575195e+00 -2.518892765045166016e+00 0.000000000000000000e+00
1.615233778953552246e+00 -2.223178625106811523e+00 0.000000000000000000e+00
1.654389500617980957e+00 -2.195449113845825195e+00 0.000000000000000000e+00
1.611186027526855469e+00 -2.062224388122558594e+00 0.000000000000000000e+00
1.606654882431030273e+00 -1.984053730964660645e+00 0.000000000000000000e+00
1.581257462501525879e+00 -1.884469389915466309e+00 0.000000000000000000e+00
1.597503662109375000e+00 -1.837717890739440918e+00 0.000000000000000000e+00
1.626656413078308105e+00 -1.806585192680358887e+00 0.000000000000000000e+00
1.610880017280578613e+00 -1.727457523345947266e+00 0.000000000000000000e+00
1.626195192337036133e+00 -1.683974623680114746e+00 0.000000000000000000e+00
1.618567347526550293e+00 -1.618567466735839844e+00 0.000000000000000000e+00
1.653042912483215332e+00 -1.596325039863586426e+00 0.000000000000000000e+00
1.614828824996948242e+00 -1.505852460861206055e+00 0.000000000000000000e+00
1.623028278350830078e+00 -1.461381316184997559e+00 0.000000000000000000e+00
1.625644445419311523e+00 -1.413151264190673828e+00 0.000000000000000000e+00
1.616353631019592285e+00 -1.356281876564025879e+00 0.000000000000000000e+00
1.591594934463500977e+00 -1.288848280906677246e+00 0.000000000000000000e+00
1.619362115859985352e+00 -1.265184402465820312e+00 0.000000000000000000e+00
1.618834137916564941e+00 -1.219879150390625000e+00 0.000000000000000000e+00
1.635832428932189941e+00 -1.188501954078674316e+00 0.000000000000000000e+00
1.617006063461303711e+00 -1.132239937782287598e+00 0.000000000000000000e+00
1.619110345840454102e+00 -1.092103838920593262e+00 0.000000000000000000e+00
1.629536867141723633e+00 -1.058233737945556641e+00 0.000000000000000000e+00
1.625708222389221191e+00 -1.015855312347412109e+00 0.000000000000000000e+00
1.617474675178527832e+00 -9.718769192695617676e-01 0.000000000000000000e+00
1.620333552360534668e+00 -9.355000853538513184e-01 0.000000000000000000e+00
1.627667188644409180e+00 -9.022307395935058594e-01 0.000000000000000000e+00
1.622857689857482910e+00 -8.628888130187988281e-01 0.000000000000000000e+00
1.618958830833435059e+00 -8.249008059501647949e-01 0.000000000000000000e+00
1.626817107200622559e+00 -7.934518456459045410e-01 0.000000000000000000e+00
1.606883645057678223e+00 -7.493022680282592773e-01 0.000000000000000000e+00
1.621543169021606445e+00 -7.219576239585876465e-01 0.000000000000000000e+00
1.627452611923217773e+00 -6.908127069473266602e-01 0.000000000000000000e+00
1.597537755966186523e+00 -6.454472541809082031e-01 0.000000000000000000e+00
1.601090431213378906e+00 -6.146011352539062500e-01 0.000000000000000000e+00
1.606874346733093262e+00 -5.848545432090759277e-01 0.000000000000000000e+00
1.598871827125549316e+00 -5.505357980728149414e-01 0.000000000000000000e+00
1.610138654708862305e+00 -5.231658220291137695e-01 0.000000000000000000e+00
1.606591939926147461e+00 -4.911845326423645020e-01 0.000000000000000000e+00
1.601462006568908691e+00 -4.592119157314300537e-01 0.000000000000000000e+00
1.615028023719787598e+00 -4.327455461025238037e-01 0.000000000000000000e+00
1.581582069396972656e+00 -3.943327665328979492e-01 0.000000000000000000e+00
1.634018659591674805e+00 -3.772430121898651123e-01 0.000000000000000000e+00
1.554276466369628906e+00 -3.303717374801635742e-01 0.000000000000000000e+00
1.548026084899902344e+00 -3.009058535099029541e-01 0.000000000000000000e+00
1.596373438835144043e+00 -2.814837694168090820e-01 0.000000000000000000e+00
1.647464156150817871e+00 -2.609327733516693115e-01 0.000000000000000000e+00
1.620078563690185547e+00 -2.276872694492340088e-01 0.000000000000000000e+00
1.604947090148925781e+00 -1.970628052949905396e-01 0.000000000000000000e+00
1.618087053298950195e+00 -1.700678914785385132e-01 0.000000000000000000e+00
1.636747837066650391e+00 -1.431969702243804932e-01 0.000000000000000000e+00
1.566175580024719238e+00 -1.095177456736564636e-01 0.000000000000000000e+00
1.515919685363769531e+00 -7.944605499505996704e-02 0.000000000000000000e+00
1.590030789375305176e+00 -5.552517622709274292e-02 0.000000000000000000e+00
1.504770755767822266e+00 -2.626594528555870056e-02 0.000000000000000000e+00
