1.723999977111816406e+00 0.000000000000000000e+00 0.000000000000000000e+00
1.728736639022827148e+00 3.017521090805530548e-02 0.000000000000000000e+00
1.688970565795898438e+00 5.898015201091766357e-02 0.000000000000000000e+00
1.674701809883117676e+00 8.776739984750747681e-02 0.000000000000000000e+00
1.621041536331176758e+00 1.133542656898498535e-01 0.000000000000000000e+00
1.679584264755249023e+00 1.469445824623107910e-01 0.000000000000000000e+00
1.634994029998779297e+00 1.718447953462600708e-01 0.000000000000000000e+00
1.678395509719848633e+00 2.060810625553131104e-01 0.000000000000000000e+00
1.659689307212829590e+00 2.332541197538375854e-01 0.000000000000000000e+00
1.668205618858337402e+00 2.642178237438201904e-01 0.000000000000000000e+00
1.659401059150695801e+00 2.925971746444702148e-01 0.000000000000000000e+00
1.629501104354858398e+00 3.167429268360137939e-01 0.000000000000000000e+00
1.631550192832946777e+00 3.467966914176940918e-01 0.000000000000000000e+00
1.666172862052917480e+00 3.846662938594818115e-01 0.000000000000000000e+00
1.641740441322326660e+00 4.093318581581115723e-01 0.000000000000000000e+00
1.644005775451660156e+00 4.405100047588348389e-01 0.000000000000000000e+00
1.616842269897460938e+00 4.636220335960388184e-01 0.000000000000000000e+00
1.638150095939636230e+00 5.008327364921569824e-01 0.000000000000000000e+00
1.638670444488525391e+00 5.324363112449645996e-01 0.000000000000000000e+00
1.623455405235290527e+00 5.590004920959472656e-01 0.000000000000000000e+00
1.637884259223937988e+00 5.961410999298095703e-01 0.000000000000000000e+00
1.618828415870666504e+00 6.214100122451782227e-01 0.000000000000000000e+00
1.623498916625976562e+00 6.559361815452575684e-01 0.000000000000000000e+00
1.630214095115661621e+00 6.919848322868347168e-01 0.000000000000000000e+00
1.620629668235778809e+00 7.215508222579956055e-01 0.000000000000000000e+00
1.611415266990661621e+00 7.514152526855468750e-01 0.000000000000000000e+00
1.602549791336059570e+00 7.816157341003417969e-01 0.000000000000000000e+00
1.625195860862731934e+00 8.280786871910095215e-01 0.000000000000000000e+00
1.614911198616027832e+00 8.586634993553161621e-01 0.000000000000000000e+00
1.616297245025634766e+00 8.959282040596008301e-01 0.000000000000000000e+00
1.605611085891723633e+00 9.269999861717224121e-01 0.000000000000000000e+00
1.606331467628479004e+00 9.651813507080078125e-01 0.000000000000000000e+00
1.586698055267333984e+00 9.914789795875549316e-01 0.000000000000000000e+00
1.588442087173461914e+00 1.031546354293823242e+00 0.000000000000000000e+00
1.581803679466247559e+00 1.066940069198608398e+00 0.000000000000000000e+00
1.586697578430175781e+00 1.111017584800720215e+00 0.000000000000000000e+00
1.586482286453247070e+00 1.152646899223327637e+00 0.000000000000000000e+00
1.584492802619934082e+00 1.194000959396362305e+00 0.000000000000000000e+00
1.587053656578063965e+00 1.239942193031311035e+00 0.000000000000000000e+00
1.598589181900024414e+00 1.294512033462524414e+00 0.000000000000000000e+00
1.574221372604370117e+00 1.320928573608398438e+00 0.000000000000000000e+00
1.503381490707397461e+00 1.306869626045227051e+00 0.000000000000000000e+00
1.452105045318603516e+00 1.307481169700622559e+00 0.000000000000000000e+00
1.380795836448669434e+00 1.287612915039062500e+00 0.000000000000000000e+00
1.363868236541748047e+00 1.317072272300720215e+00 0.000000000000000000e+00
1.315925717353820801e+00 1.315925717353820801e+00 0.000000000000000000e+00
1.316377639770507812e+00 1.363148927688598633e+00 0.000000000000000000e+00
1.308754920959472656e+00 1.403467774391174316e+00 0.000000000000000000e+00
1.304135560989379883e+00 1.448389291763305664e+00 0.000000000000000000e+00
1.258977293968200684e+00 1.448287725448608398e+00 0.000000000000000000e+00
1.280432939529418945e+00 1.525960564613342285e+00 0.000000000000000000e+00
1.273115158081054688e+00 1.572166323661804199e+00 0.000000000000000000e+00
1.257796406745910645e+00 1.609905958175659180e+00 0.000000000000000000e+00
1.253580689430236816e+00 1.663557767868041992e+00 0.000000000000000000e+00
1.249631404876708984e+00 1.719970107078552246e+00 0.000000000000000000e+00
1.243513703346252441e+00 1.775921583175659180e+00 0.000000000000000000e+00
1.235816359519958496e+00 1.832173109054565430e+00 0.000000000000000000e+00
1.230339646339416504e+00 1.894556879997253418e+00 0.000000000000000000e+00
1.202916741371154785e+00 1.925069093704223633e+00 0.000000000000000000e+00
1.439016342163085938e+00 2.394925355911254883e+00 0.000000000000000000e+00
1.414987325668334961e+00 2.661203861236572266e+00 0.000000000000000000e+00
1.407824635505676270e+00 2.763011217117309570e+00 0.000000000000000000e+00
5.714761614799499512e-01 3.241002082824707031e+00 0.000000000000000000e+00
5.096635222434997559e-01 3.217888593673706055e+00 0.000000000000000000e+00
4.542610347270965576e-01 3.232234954833984375e+00 0.000000000000000000e+00
3.940036296844482422e-01 3.208901643753051758e+00 0.000000000000000000e+00
3.385677337646484375e-01 3.221256494522094727e+00 0.000000000000000000e+00
2.793341875076293945e-01 3.192803859710693359e+00 0.000000000000000000e+00
2.238485664129257202e-01 3.201183080673217773e+00 0.000000000000000000e+00
1.680507957935333252e-01 3.206599473953247070e+00 0.000000000000000000e+00
1.123764216899871826e-01 3.218038558959960938e+00 0.000000000000000000e+00
5.572557449340820312e-02 3.192513704299926758e+00 0.000000000000000000e+00
3.853594421343586873e-08 3.167000055313110352e+00 0.000000000000000000e+00
-5.583020672202110291e-02 3.198512554168701172e+00 0.000000000000000000e+00
-1.118528470396995544e-01 3.203047513961791992e+00 0.000000000000000000e+00
-1.662712991237640381e-01 3.172646045684814453e+00 0.000000000000000000e+00
-2.196630835533142090e-01 3.141329050064086914e+00 0.000000000000000000e+00
-2.303525805473327637e-01 2.632942438125610352e+00 0.000000000000000000e+00
-3.236200809478759766e-01 3.079039812088012695e+00 0.000000000000000000e+00
-3.890068829059600830e-01 3.168207168579101562e+00 0.000000000000000000e+00
-1.028408527374267578e+00 3.165116071701049805e+00 0.000000000000000000e+00
-1.097815752029418945e+00 3.188288688659667969e+00 0.000000000000000000e+00
-1.217017531394958496e+00 3.170439004898071289e+00 0.000000000000000000e+00
-1.311684370040893555e+00 3.090134859085083008e+00 0.000000000000000000e+00
-1.394699811935424805e+00 3.132547378540039062e+00 0.000000000000000000e+00
-1.427604436874389648e+00 3.061507701873779297e+00 0.000000000000000000e+00
-1.491338610649108887e+00 3.057697296142578125e+00 0.000000000000000000e+00
-1.519052147865295410e+00 2.981307744979858398e+00 0.000000000000000000e+00
-1.630944132804870605e+00 3.067359924316406250e+00 0.000000000000000000e+00
-9.899857640266418457e-01 -1.313755393028259277e+00 0.000000000000000000e+00
-9.663190245628356934e-01 -1.330024003982543945e+00 0.000000000000000000e+00
-9.263259768486022949e-01 -1.322930574417114258e+00 0.000000000000000000e+00
-9.086884856224060059e-01 -1.347185969352722168e+00 0.000000000000000000e+00
-8.692439198493957520e-01 -1.338518142700195312e+00 0.000000000000000000e+00
-8.378024101257324219e-01 -1.340764045715332031e+00 0.000000000000000000e+00
-7.972790002822875977e-01 -1.326894879341125488e+00 0.000000000000000000e+00
-7.441827654838562012e-01 -1.342541217803955078e+00 0.000000000000000000e+00
-7.091332077980041504e-01 -1.391752243041992188e+00 0.000000000000000000e+00
-6.658858656883239746e-01 -1.365268230438232422e+00 0.000000000000000000e+00
-3.832828104496002197e-01 -2.727198123931884766e+00 0.000000000000000000e+00
5.113544315099716187e-02 -2.929553747177124023e+00 0.000000000000000000e+00
1.028836071491241455e-01 -2.946204185485839844e+00 0.000000000000000000e+00
1.539199352264404297e-01 -2.936969518661499023e+00 0.000000000000000000e+00
2.066883295774459839e-01 -2.955782413482666016e+00 0.000000000000000000e+00
2.580680549144744873e-01 -2.949732542037963867e+00 0.000000000000000000e+00
3.131671845912933350e-01 -2.979587554931640625e+00 0.000000000000000000e+00
3.736512959003448486e-01 -3.043146610260009766e+00 0.000000000000000000e+00
4.079162478446960449e-01 -2.902475833892822266e+00 0.000000000000000000e+00
4.622637331485748291e-01 -2.918618917465209961e+00 0.000000000000000000e+00
9.607337117195129395e-01 -2.956834793090820312e+00 0.000000000000000000e+00
9.916805028915405273e-01 -2.880049705505371094e+00 0.000000000000000000e+00
1.064024567604064941e+00 -2.923383951187133789e+00 0.000000000000000000e+00
1.143551945686340332e+00 -2.979055166244506836e+00 0.000000000000000000e+00
1.201737761497497559e+00 -2.974405765533447266e+00 0.000000000000000000e+00
1.230021476745605469e+00 -2.897749423980712891e+00 0.000000000000000000e+00
1.266984581947326660e+00 -2.845694065093994141e+00 0.000000000000000000e+00
1.374777078628540039e+00 -2.948219299316406250e+00 0.000000000000000000e+00
1.372101664543151855e+00 -2.813225507736206055e+00 0.000000000000000000e+00
1.422352075576782227e+00 -2.791523456573486328e+00 0.000000000000000000e+00
1.499022603034973145e+00 -2.819251775741577148e+00 0.000000000000000000e+00
1.584357619285583496e+00 -2.858257055282592773e+00 0.000000000000000000e+00
1.633999824523925781e+00 -2.830170869827270508e+00 0.000000000000000000e+00
1.704775929450988770e+00 -2.837223768234252930e+00 0.000000000000000000e+00
1.846326231956481934e+00 -2.843093395233154297e+00 0.000000000000000000e+00
1.903492569923400879e+00 -2.822043895721435547e+00 0.000000000000000000e+00
1.895670056343078613e+00 -2.707297563552856445e+00 0.000000000000000000e+00
1.924408793449401855e+00 -2.648721694946289062e+00 0.000000000000000000e+00
1.862375974655151367e+00 -2.383732795715332031e+00 0.000000000000000000e+00
1.843279242515563965e+00 -2.276260614395141602e+00 0.000000000000000000e+00
1.855727791786193848e+00 -2.211570501327514648e+00 0.000000000000000000e+00
1.819251656532287598e+00 -2.092809677124023438e+00 0.000000000000000000e+00
1.850815176963806152e+00 -2.055538654327392578e+00 0.000000000000000000e+00
1.821617484092712402e+00 -1.953445792198181152e+00 0.000000000000000000e+00
1.816531538963317871e+00 -1.881073713302612305e+00 0.000000000000000000e+00
1.793222784996032715e+00 -1.793222904205322266e+00 0.000000000000000000e+00
1.800507426261901855e+00 -1.738729953765869141e+00 0.000000000000000000e+00
1.796936035156250000e+00 -1.675670027732849121e+00 0.000000000000000000e+00
1.778345465660095215e+00 -1.601229548454284668e+00 0.000000000000000000e+00
1.767529726028442383e+00 -1.536490321159362793e+00 0.000000000000000000e+00
1.785649657249450684e+00 -1.498338103294372559e+00 0.000000000000000000e+00
1.776555657386779785e+00 -1.438626527786254883e+00 0.000000000000000000e+00
1.778540134429931641e+00 -1.389548063278198242e+00 0.000000000000000000e+00
1.792936563491821289e+00 -1.351074695587158203e+00 0.000000000000000000e+00
1.782264471054077148e+00 -1.294890999794006348e+00 0.000000000000000000e+00
1.789028048515319824e+00 -1.252691030502319336e+00 0.000000000000000000e+00
1.769166231155395508e+00 -1.193317770957946777e+00 0.000000000000000000e+00
1.760369420051574707e+00 -1.143197417259216309e+00 0.000000000000000000e+00
1.743586778640747070e+00 -1.089514136314392090e+00 0.000000000000000000e+00
1.758907318115234375e+00 -1.056858181953430176e+00 0.000000000000000000e+00
1.764093637466430664e+00 -1.018500089645385742e+00 0.000000000000000000e+00
1.764982461929321289e+00 -9.783458113670349121e-01 0.000000000000000000e+00
1.748236179351806641e+00 -9.295538067817687988e-01 0.000000000000000000e+00
1.751718759536743164e+00 -8.925454020500183105e-01 0.000000000000000000e+00
1.758041143417358398e+00 -8.574540019035339355e-01 0.000000000000000000e+00
1.764581203460693359e+00 -8.228378295898437500e-01 0.000000000000000000e+00
1.753093719482421875e+00 -7.805277109146118164e-01 0.000000000000000000e+00
1.725946545600891113e+00 -7.326209545135498047e-01 0.000000000000000000e+00
1.766285181045532227e+00 -7.136256098747253418e-01 0.000000000000000000e+00
1.774736404418945312e+00 -6.812575459480285645e-01 0.000000000000000000e+00
1.695205450057983398e+00 -6.170043945312500000e-01 0.000000000000000000e+00
1.752991437911987305e+00 -6.036034226417541504e-01 0.000000000000000000e+00
1.748041868209838867e+00 -5.679733157157897949e-01 0.000000000000000000e+00
1.724217414855957031e+00 -5.271462798118591309e-01 0.000000000000000000e+00
1.713929533958435059e+00 -4.914614856243133545e-01 0.000000000000000000e+00
1.737700581550598145e+00 -4.656155407428741455e-01 0.000000000000000000e+00
1.741680741310119629e+00 -4.342498779296875000e-01 0.000000000000000000e+00
1.712942600250244141e+00 -3.954640328884124756e-01 0.000000000000000000e+00
1.727408647537231445e+00 -3.671721220016479492e-01 0.000000000000000000e+00
1.745333075523376465e+00 -3.392584621906280518e-01 0.000000000000000000e+00
1.722428679466247559e+00 -3.037107288837432861e-01 0.000000000000000000e+00
1.721540808677673340e+00 -2.726653516292572021e-01 0.000000000000000000e+00
1.686426401138305664e+00 -2.370118647813796997e-01 0.000000000000000000e+00
1.707179427146911621e+00 -2.096153497695922852e-01 0.000000000000000000e+00
1.699637889862060547e+00 -1.786392182111740112e-01 0.000000000000000000e+00
1.712458610534667969e+00 -1.498208045959472656e-01 0.000000000000000000e+00
1.712817430496215820e+00 -1.197719499468803406e-01 0.000000000000000000e+00
1.721637248992919922e+00 -9.022726863622665405e-02 0.000000000000000000e+00
1.719951510429382324e+00 -6.006211414933204651e-02 0.000000000000000000e+00
1.672745227813720703e+00 -2.919795736670494080e-02 0.000000000000000000e+00
