1.702000021934509277e+00 0.000000000000000000e+00 0.000000000000000000e+00
1.659747123718261719e+00 2.897099405527114868e-02 0.000000000000000000e+00
1.689969897270202637e+00 5.901504680514335632e-02 0.000000000000000000e+00
1.711650967597961426e+00 8.970382809638977051e-02 0.000000000000000000e+00
1.696856379508972168e+00 1.186557561159133911e-01 0.000000000000000000e+00
1.691538572311401367e+00 1.479904502630233765e-01 0.000000000000000000e+00
1.677758455276489258e+00 1.763395220041275024e-01 0.000000000000000000e+00
1.696261405944824219e+00 2.082747071981430054e-01 0.000000000000000000e+00
1.692368149757385254e+00 2.378468215465545654e-01 0.000000000000000000e+00
1.708700895309448242e+00 2.706316113471984863e-01 0.000000000000000000e+00
1.692884564399719238e+00 2.985012233257293701e-01 0.000000000000000000e+00
1.706068038940429688e+00 3.316260278224945068e-01 0.000000000000000000e+00
1.712736487388610840e+00 3.640533685684204102e-01 0.000000000000000000e+00
1.705147624015808105e+00 3.936643302440643311e-01 0.000000000000000000e+00
1.697047233581542969e+00 4.231213927268981934e-01 0.000000000000000000e+00
1.709688663482666016e+00 4.581097066402435303e-01 0.000000000000000000e+00
1.710084557533264160e+00 4.903588593006134033e-01 0.000000000000000000e+00
1.735693216323852539e+00 5.306546688079833984e-01 0.000000000000000000e+00
1.709048628807067871e+00 5.553035736083984375e-01 0.000000000000000000e+00
1.702878952026367188e+00 5.863482356071472168e-01 0.000000000000000000e+00
1.743129849433898926e+00 6.344473958015441895e-01 0.000000000000000000e+00
1.713120102882385254e+00 6.576051712036132812e-01 0.000000000000000000e+00
1.734760999679565430e+00 7.008889317512512207e-01 0.000000000000000000e+00
1.756323218345642090e+00 7.455149888992309570e-01 0.000000000000000000e+00
1.702848672866821289e+00 7.581570744514465332e-01 0.000000000000000000e+00
1.743736147880554199e+00 8.131175637245178223e-01 0.000000000000000000e+00
1.753547191619873047e+00 8.552621006965637207e-01 0.000000000000000000e+00
1.736571669578552246e+00 8.848274946212768555e-01 0.000000000000000000e+00
1.741172671318054199e+00 9.257979393005371094e-01 0.000000000000000000e+00
1.722126245498657227e+00 9.545901417732238770e-01 0.000000000000000000e+00
1.736381053924560547e+00 1.002500057220458984e+00 0.000000000000000000e+00
1.734906554222106934e+00 1.042437076568603516e+00 0.000000000000000000e+00
1.739346742630004883e+00 1.086864471435546875e+00 0.000000000000000000e+00
1.711726546287536621e+00 1.111608147621154785e+00 0.000000000000000000e+00
1.658075094223022461e+00 1.118385791778564453e+00 0.000000000000000000e+00
1.614548683166503906e+00 1.130519151687622070e+00 0.000000000000000000e+00
1.533087253570556641e+00 1.113852977752685547e+00 0.000000000000000000e+00
1.476677060127258301e+00 1.112756013870239258e+00 0.000000000000000000e+00
1.483036279678344727e+00 1.158674836158752441e+00 0.000000000000000000e+00
1.491343140602111816e+00 1.207665801048278809e+00 0.000000000000000000e+00
1.469273209571838379e+00 1.232866644859313965e+00 0.000000000000000000e+00
1.473193168640136719e+00 1.280627250671386719e+00 0.000000000000000000e+00
1.484060168266296387e+00 1.336253762245178223e+00 0.000000000000000000e+00
1.494886875152587891e+00 1.394004583358764648e+00 0.000000000000000000e+00
1.494068741798400879e+00 1.442805409431457520e+00 0.000000000000000000e+00
1.475731730461120605e+00 1.475731730461120605e+00 0.000000000000000000e+00
1.487958192825317383e+00 1.540825843811035156e+00 0.000000000000000000e+00
1.483346462249755859e+00 1.590694308280944824e+00 0.000000000000000000e+00
1.476771235466003418e+00 1.640120625495910645e+00 0.000000000000000000e+00
1.487285852432250977e+00 1.710926532745361328e+00 0.000000000000000000e+00
1.478411436080932617e+00 1.761902213096618652e+00 0.000000000000000000e+00
1.775312900543212891e+00 2.192328929901123047e+00 0.000000000000000000e+00
1.810378551483154297e+00 2.491772174835205078e+00 0.000000000000000000e+00
1.797588586807250977e+00 2.567222595214843750e+00 0.000000000000000000e+00
1.035144805908203125e+00 2.324973344802856445e+00 0.000000000000000000e+00
1.012030720710754395e+00 3.114710092544555664e+00 0.000000000000000000e+00
9.610258340835571289e-01 3.143373727798461914e+00 0.000000000000000000e+00
9.065713286399841309e-01 3.161589860916137695e+00 0.000000000000000000e+00
8.481500148773193359e-01 3.165338993072509766e+00 0.000000000000000000e+00
7.857623100280761719e-01 3.151520490646362305e+00 0.000000000000000000e+00
7.376145720481872559e-01 3.194959402084350586e+00 0.000000000000000000e+00
6.757130026817321777e-01 3.178979635238647461e+00 0.000000000000000000e+00
6.203200817108154297e-01 3.191269874572753906e+00 0.000000000000000000e+00
5.598417520523071289e-01 3.175020217895507812e+00 0.000000000000000000e+00
5.019982457160949707e-01 3.169492006301879883e+00 0.000000000000000000e+00
4.446580708026885986e-01 3.163906335830688477e+00 0.000000000000000000e+00
3.903475403785705566e-01 3.179125308990478516e+00 0.000000000000000000e+00
3.335503637790679932e-01 3.173519372940063477e+00 0.000000000000000000e+00
2.790727019309997559e-01 3.189815282821655273e+00 0.000000000000000000e+00
2.228719592094421387e-01 3.187216997146606445e+00 0.000000000000000000e+00
1.680507957935333252e-01 3.206599473953247070e+00 0.000000000000000000e+00
1.156918704509735107e-01 3.312980651855468750e+00 0.000000000000000000e+00
5.797693505883216858e-02 3.321494102478027344e+00 0.000000000000000000e+00
4.015428345383043052e-08 3.299999952316284180e+00 0.000000000000000000e+00
-5.717404186725616455e-02 3.275501012802124023e+00 0.000000000000000000e+00
-3.965613543987274170e-01 2.503790140151977539e+00 0.000000000000000000e+00
-4.367251396179199219e-01 2.476791620254516602e+00 0.000000000000000000e+00
-4.449665546417236328e-01 2.289154529571533203e+00 0.000000000000000000e+00
-6.935933232307434082e-01 3.263100385665893555e+00 0.000000000000000000e+00
-7.479622364044189453e-01 3.239780426025390625e+00 0.000000000000000000e+00
-8.880081176757812500e-01 3.314091444015502930e+00 0.000000000000000000e+00
-1.068889737129211426e+00 3.289704561233520508e+00 0.000000000000000000e+00
-1.138511776924133301e+00 3.306478500366210938e+00 0.000000000000000000e+00
-1.246762037277221680e+00 3.247926473617553711e+00 0.000000000000000000e+00
-1.304380178451538086e+00 3.228454351425170898e+00 0.000000000000000000e+00
-1.202345609664916992e+00 -1.121205329895019531e+00 0.000000000000000000e+00
-1.176120638847351074e+00 -1.135766386985778809e+00 0.000000000000000000e+00
-1.122178554534912109e+00 -1.122178435325622559e+00 0.000000000000000000e+00
-1.105896115303039551e+00 -1.145188927650451660e+00 0.000000000000000000e+00
-1.111657381057739258e+00 -1.192106485366821289e+00 0.000000000000000000e+00
-1.036483407020568848e+00 -1.151131272315979004e+00 0.000000000000000000e+00
-9.958976507186889648e-01 -1.145649075508117676e+00 0.000000000000000000e+00
-9.796083569526672363e-01 -1.167451739311218262e+00 0.000000000000000000e+00
-9.540497660636901855e-01 -1.178153276443481445e+00 0.000000000000000000e+00
-9.234922528266906738e-01 -1.182016134262084961e+00 0.000000000000000000e+00
-8.197768330574035645e-01 -1.215368986129760742e+00 0.000000000000000000e+00
-1.731776237487792969e+00 -2.771420955657958984e+00 0.000000000000000000e+00
-4.301948845386505127e-01 -2.716142892837524414e+00 0.000000000000000000e+00
-4.054113626480102539e-01 -2.884650945663452148e+00 0.000000000000000000e+00
-3.569554090499877930e-01 -2.907167673110961914e+00 0.000000000000000000e+00
-3.062685132026672363e-01 -2.913949251174926758e+00 0.000000000000000000e+00
-2.571966946125030518e-01 -2.939770460128784180e+00 0.000000000000000000e+00
-2.047353535890579224e-01 -2.927850484848022461e+00 0.000000000000000000e+00
-1.524024009704589844e-01 -2.908009052276611328e+00 0.000000000000000000e+00
-1.021858304738998413e-01 -2.926216363906860352e+00 0.000000000000000000e+00
-5.111820250749588013e-02 -2.928553819656372070e+00 0.000000000000000000e+00
-1.065548644874070305e-07 -2.918999910354614258e+00 0.000000000000000000e+00
5.289322137832641602e-01 -2.999724388122558594e+00 0.000000000000000000e+00
5.789143443107604980e-01 -2.978256702423095703e+00 0.000000000000000000e+00
6.382887363433837891e-01 -3.002912998199462891e+00 0.000000000000000000e+00
7.025219798088073730e-01 -3.042957544326782227e+00 0.000000000000000000e+00
7.935037016868591309e-01 -3.182569980621337891e+00 0.000000000000000000e+00
8.033742308616638184e-01 -2.998233795166015625e+00 0.000000000000000000e+00
8.963725566864013672e-01 -3.126023054122924805e+00 0.000000000000000000e+00
9.300342798233032227e-01 -3.042005538940429688e+00 0.000000000000000000e+00
1.007704257965087891e+00 -3.101395368576049805e+00 0.000000000000000000e+00
1.117721676826477051e+00 -3.070915460586547852e+00 0.000000000000000000e+00
1.185122609138488770e+00 -3.087350368499755859e+00 0.000000000000000000e+00
1.256805062294006348e+00 -3.110701799392700195e+00 0.000000000000000000e+00
1.347631454467773438e+00 -3.174821138381958008e+00 0.000000000000000000e+00
1.351585745811462402e+00 -3.035711526870727539e+00 0.000000000000000000e+00
1.417884111404418945e+00 -3.040662765502929688e+00 0.000000000000000000e+00
1.467666506767272949e+00 -3.009162664413452148e+00 0.000000000000000000e+00
1.538119673728942871e+00 -3.018730163574218750e+00 0.000000000000000000e+00
1.625310420989990234e+00 -3.056764602661132812e+00 0.000000000000000000e+00
1.482062816619873047e+00 -2.673712491989135742e+00 0.000000000000000000e+00
1.497499823570251465e+00 -2.593745946884155273e+00 0.000000000000000000e+00
1.500820875167846680e+00 -2.497785568237304688e+00 0.000000000000000000e+00
1.518218636512756348e+00 -2.429657936096191406e+00 0.000000000000000000e+00
1.491221547126770020e+00 -2.296279907226562500e+00 0.000000000000000000e+00
1.484657049179077148e+00 -2.201094865798950195e+00 0.000000000000000000e+00
1.489004373550415039e+00 -2.126518726348876953e+00 0.000000000000000000e+00
1.500027894973754883e+00 -2.064611434936523438e+00 0.000000000000000000e+00
1.518980979919433594e+00 -2.015756130218505859e+00 0.000000000000000000e+00
1.561933040618896484e+00 -1.999183297157287598e+00 0.000000000000000000e+00
1.509739518165588379e+00 -1.864373207092285156e+00 0.000000000000000000e+00
1.525334835052490234e+00 -1.817823410034179688e+00 0.000000000000000000e+00
1.528617382049560547e+00 -1.758473277091979980e+00 0.000000000000000000e+00
1.536992907524108887e+00 -1.707003712654113770e+00 0.000000000000000000e+00
1.538588285446166992e+00 -1.649934053421020508e+00 0.000000000000000000e+00
1.553256034851074219e+00 -1.608443856239318848e+00 0.000000000000000000e+00
1.576140999794006348e+00 -1.576141119003295898e+00 0.000000000000000000e+00
1.585424900054931641e+00 -1.531027078628540039e+00 0.000000000000000000e+00
1.574604511260986328e+00 -1.468342661857604980e+00 0.000000000000000000e+00
1.597761392593383789e+00 -1.438630938529968262e+00 0.000000000000000000e+00
1.573569416999816895e+00 -1.367883205413818359e+00 0.000000000000000000e+00
1.578817605972290039e+00 -1.324785351753234863e+00 0.000000000000000000e+00
1.578383326530456543e+00 -1.278149724006652832e+00 0.000000000000000000e+00
1.587053537368774414e+00 -1.239942193031311035e+00 0.000000000000000000e+00
1.586089968681335449e+00 -1.195204615592956543e+00 0.000000000000000000e+00
1.584864258766174316e+00 -1.151471376419067383e+00 0.000000000000000000e+00
1.603080511093139648e+00 -1.122489213943481445e+00 0.000000000000000000e+00
1.608332872390747070e+00 -1.084834337234497070e+00 0.000000000000000000e+00
1.606892824172973633e+00 -1.043528437614440918e+00 0.000000000000000000e+00
1.611291289329528809e+00 -1.006846666336059570e+00 0.000000000000000000e+00
1.594331145286560059e+00 -9.579709172248840332e-01 0.000000000000000000e+00
1.603878974914550781e+00 -9.260000586509704590e-01 0.000000000000000000e+00
1.640786528587341309e+00 -9.095029234886169434e-01 0.000000000000000000e+00
1.609613418579101562e+00 -8.558467030525207520e-01 0.000000000000000000e+00
1.625195860862731934e+00 -8.280787467956542969e-01 0.000000000000000000e+00
1.648388266563415527e+00 -8.039727807044982910e-01 0.000000000000000000e+00
1.650386452674865723e+00 -7.695879340171813965e-01 0.000000000000000000e+00
1.663566231727600098e+00 -7.406675219535827637e-01 0.000000000000000000e+00
1.650465130805969238e+00 -7.005809545516967773e-01 0.000000000000000000e+00
1.617935776710510254e+00 -6.536886096000671387e-01 0.000000000000000000e+00
1.666440963745117188e+00 -6.396868824958801270e-01 0.000000000000000000e+00
1.628487348556518555e+00 -5.927209854125976562e-01 0.000000000000000000e+00
1.666949272155761719e+00 -5.739767551422119141e-01 0.000000000000000000e+00
1.654838323593139648e+00 -5.376896262168884277e-01 0.000000000000000000e+00
1.673533320426940918e+00 -5.116505622863769531e-01 0.000000000000000000e+00
1.656253933906555176e+00 -4.749232530593872070e-01 0.000000000000000000e+00
1.645937561988830566e+00 -4.410277307033538818e-01 0.000000000000000000e+00
1.639799833297729492e+00 -4.088481068611145020e-01 0.000000000000000000e+00
1.665198445320129395e+00 -3.844414353370666504e-01 0.000000000000000000e+00
1.632528305053710938e+00 -3.470046818256378174e-01 0.000000000000000000e+00
1.665821313858032227e+00 -3.238029479980468750e-01 0.000000000000000000e+00
1.670233964920043945e+00 -2.945073843002319336e-01 0.000000000000000000e+00
1.632648825645446777e+00 -2.585862576961517334e-01 0.000000000000000000e+00
1.656718492507934570e+00 -2.328366786241531372e-01 0.000000000000000000e+00
1.674425363540649414e+00 -2.055936604738235474e-01 0.000000000000000000e+00
1.677758455276489258e+00 -1.763395965099334717e-01 0.000000000000000000e+00
1.674603223800659180e+00 -1.465088874101638794e-01 0.000000000000000000e+00
1.672914981842041016e+00 -1.169816926121711731e-01 0.000000000000000000e+00
1.673703074455261230e+00 -8.771514147520065308e-02 0.000000000000000000e+00
1.688970565795898438e+00 -5.898023396730422974e-02 0.000000000000000000e+00
1.699741125106811523e+00 -2.966917492449283600e-02 0.000000000000000000e+00
