1.656000018119812012e+00 0.000000000000000000e+00 0.000000000000000000e+00
1.689742684364318848e+00 2.949456684291362762e-02 0.000000000000000000e+00
1.700963258743286133e+00 5.939894542098045349e-02 0.000000000000000000e+00
1.718641400337219238e+00 9.007018059492111206e-02 0.000000000000000000e+00
1.703839302062988281e+00 1.191440522670745850e-01 0.000000000000000000e+00
1.702496767044067383e+00 1.489491611719131470e-01 0.000000000000000000e+00
1.695659875869750977e+00 1.782210320234298706e-01 0.000000000000000000e+00
1.727030277252197266e+00 2.120526582002639771e-01 0.000000000000000000e+00
1.700290322303771973e+00 2.389602065086364746e-01 0.000000000000000000e+00
1.723516106605529785e+00 2.729781270027160645e-01 0.000000000000000000e+00
1.726368069648742676e+00 3.044052422046661377e-01 0.000000000000000000e+00
1.743369936943054199e+00 3.388767838478088379e-01 0.000000000000000000e+00
1.733277559280395508e+00 3.684194982051849365e-01 0.000000000000000000e+00
1.736327409744262695e+00 4.008627533912658691e-01 0.000000000000000000e+00
1.745562076568603516e+00 4.352174997329711914e-01 0.000000000000000000e+00
1.730939149856567383e+00 4.638037383556365967e-01 0.000000000000000000e+00
1.744690060615539551e+00 5.002818107604980469e-01 0.000000000000000000e+00
1.733780503273010254e+00 5.300698876380920410e-01 0.000000000000000000e+00
1.763258814811706543e+00 5.729175209999084473e-01 0.000000000000000000e+00
1.763392210006713867e+00 6.071845889091491699e-01 0.000000000000000000e+00
1.754406094551086426e+00 6.385515928268432617e-01 0.000000000000000000e+00
1.787806510925292969e+00 6.862745881080627441e-01 0.000000000000000000e+00
1.784828901290893555e+00 7.211176753044128418e-01 0.000000000000000000e+00
1.757243752479553223e+00 7.459057569503784180e-01 0.000000000000000000e+00
1.801511645317077637e+00 8.020846843719482422e-01 0.000000000000000000e+00
1.788145303726196289e+00 8.338258266448974609e-01 0.000000000000000000e+00
1.805677294731140137e+00 8.806876540184020996e-01 0.000000000000000000e+00
1.773994088172912598e+00 9.038950800895690918e-01 0.000000000000000000e+00
1.802095890045166016e+00 9.581913948059082031e-01 0.000000000000000000e+00
1.809588193893432617e+00 1.003071069717407227e+00 0.000000000000000000e+00
1.823849439620971680e+00 1.052999973297119141e+00 0.000000000000000000e+00
1.701477050781250000e+00 1.022350549697875977e+00 0.000000000000000000e+00
1.691007852554321289e+00 1.056658983230590820e+00 0.000000000000000000e+00
1.645471692085266113e+00 1.068581819534301758e+00 0.000000000000000000e+00
1.566052079200744629e+00 1.056315422058105469e+00 0.000000000000000000e+00
1.522803664207458496e+00 1.066278576850891113e+00 0.000000000000000000e+00
1.518524885177612305e+00 1.103272914886474609e+00 0.000000000000000000e+00
1.563728332519531250e+00 1.178353786468505859e+00 0.000000000000000000e+00
1.564201354980468750e+00 1.222087979316711426e+00 0.000000000000000000e+00
1.570611953735351562e+00 1.271856427192687988e+00 0.000000000000000000e+00
1.586478114128112793e+00 1.331213235855102539e+00 0.000000000000000000e+00
1.572059988975524902e+00 1.366570949554443359e+00 0.000000000000000000e+00
1.566549301147460938e+00 1.410527348518371582e+00 0.000000000000000000e+00
1.581186652183532715e+00 1.474480390548706055e+00 0.000000000000000000e+00
1.581108808517456055e+00 1.526859045028686523e+00 0.000000000000000000e+00
1.571898460388183594e+00 1.571898341178894043e+00 0.000000000000000000e+00
1.581042528152465820e+00 1.637217402458190918e+00 0.000000000000000000e+00
1.572006225585937500e+00 1.685770273208618164e+00 0.000000000000000000e+00
1.876242160797119141e+00 2.083777904510498047e+00 0.000000000000000000e+00
1.907163619995117188e+00 2.193940877914428711e+00 0.000000000000000000e+00
1.965644598007202148e+00 2.342563867568969727e+00 0.000000000000000000e+00
2.020118474960327148e+00 2.494638442993164062e+00 0.000000000000000000e+00
1.961497545242309570e+00 2.510602235794067383e+00 0.000000000000000000e+00
1.187989830970764160e+00 3.094819068908691406e+00 0.000000000000000000e+00
1.128324508666992188e+00 3.100045919418334961e+00 0.000000000000000000e+00
1.080560684204101562e+00 3.138176202774047852e+00 0.000000000000000000e+00
1.019756078720092773e+00 3.138486385345458984e+00 0.000000000000000000e+00
9.604411125183105469e-01 3.141461133956909180e+00 0.000000000000000000e+00
8.996803164482116699e-01 3.137558221817016602e+00 0.000000000000000000e+00
8.313267827033996582e-01 3.102553606033325195e+00 0.000000000000000000e+00
7.831012010574340820e-01 3.140847206115722656e+00 0.000000000000000000e+00
7.283915281295776367e-01 3.155010223388671875e+00 0.000000000000000000e+00
6.703073382377624512e-01 3.153547763824462891e+00 0.000000000000000000e+00
6.136417984962463379e-01 3.156913042068481445e+00 0.000000000000000000e+00
5.593208074569702148e-01 3.172065734863281250e+00 0.000000000000000000e+00
4.993388354778289795e-01 3.152701139450073242e+00 0.000000000000000000e+00
4.485549330711364746e-01 3.191633939743041992e+00 0.000000000000000000e+00
3.871789574623107910e-01 3.153319120407104492e+00 0.000000000000000000e+00
3.293692171573638916e-01 3.133738517761230469e+00 0.000000000000000000e+00
2.781140208244323730e-01 3.178857326507568359e+00 0.000000000000000000e+00
2.231509834527969360e-01 3.191207170486450195e+00 0.000000000000000000e+00
1.660620272159576416e-01 3.168651580810546875e+00 0.000000000000000000e+00
1.125858202576637268e-01 3.224034786224365234e+00 0.000000000000000000e+00
5.656328797340393066e-02 3.240506410598754883e+00 0.000000000000000000e+00
4.014211540948053880e-08 3.299000024795532227e+00 0.000000000000000000e+00
-5.703442171216011047e-02 3.267502069473266602e+00 0.000000000000000000e+00
-1.359164416790008545e-01 2.593440771102905273e+00 0.000000000000000000e+00
-2.669656574726104736e-01 2.540008783340454102e+00 0.000000000000000000e+00
-3.211256861686706543e-01 2.615359067916870117e+00 0.000000000000000000e+00
-3.586490452289581299e-01 2.551920652389526367e+00 0.000000000000000000e+00
-4.963665306568145752e-01 3.133935213088989258e+00 0.000000000000000000e+00
-5.924875140190124512e-01 3.360163927078247070e+00 0.000000000000000000e+00
-4.962941706180572510e-01 2.553212404251098633e+00 0.000000000000000000e+00
-7.154240608215332031e-01 3.365805864334106445e+00 0.000000000000000000e+00
-7.643836140632629395e-01 3.310909509658813477e+00 0.000000000000000000e+00
-8.285824060440063477e-01 3.323262929916381836e+00 0.000000000000000000e+00
-9.017254710197448730e-01 3.365285634994506836e+00 0.000000000000000000e+00
-2.166931152343750000e+00 -7.886983752250671387e-01 0.000000000000000000e+00
-1.265505433082580566e+00 -1.061885118484497070e+00 0.000000000000000000e+00
-1.221874833106994629e+00 -1.062159538269042969e+00 0.000000000000000000e+00
-1.172682523727416992e+00 -1.055888056755065918e+00 0.000000000000000000e+00
-1.152613401412963867e+00 -1.074829339981079102e+00 0.000000000000000000e+00
-1.132240891456604004e+00 -1.093392252922058105e+00 0.000000000000000000e+00
-1.099551081657409668e+00 -1.099550962448120117e+00 0.000000000000000000e+00
-1.083667039871215820e+00 -1.122169971466064453e+00 0.000000000000000000e+00
-1.033227562904357910e+00 -1.108000874519348145e+00 0.000000000000000000e+00
-9.886809587478637695e-01 -1.137347340583801270e+00 0.000000000000000000e+00
-9.673953652381896973e-01 -1.152896881103515625e+00 0.000000000000000000e+00
-1.105206847190856934e+00 -2.879162073135375977e+00 0.000000000000000000e+00
-9.294971823692321777e-01 -2.699455499649047852e+00 0.000000000000000000e+00
-8.491787314414978027e-01 -2.613503217697143555e+00 0.000000000000000000e+00
-5.162561535835266113e-01 -2.927833557128906250e+00 0.000000000000000000e+00
-4.533471763134002686e-01 -2.862320899963378906e+00 0.000000000000000000e+00
-4.026278555393218994e-01 -2.864845514297485352e+00 0.000000000000000000e+00
-3.508619368076324463e-01 -2.857540369033813477e+00 0.000000000000000000e+00
-3.013556599617004395e-01 -2.867206573486328125e+00 0.000000000000000000e+00
-2.513572573661804199e-01 -2.873025655746459961e+00 0.000000000000000000e+00
-2.019450962543487549e-01 -2.887947797775268555e+00 0.000000000000000000e+00
-1.506229937076568604e-01 -2.874055862426757812e+00 0.000000000000000000e+00
-1.020113378763198853e-01 -2.921219587326049805e+00 0.000000000000000000e+00
4.891704618930816650e-01 -3.088501453399658203e+00 0.000000000000000000e+00
5.381355881690979004e-01 -3.051919221878051758e+00 0.000000000000000000e+00
5.789143443107604980e-01 -2.978256702423095703e+00 0.000000000000000000e+00
6.418232321739196777e-01 -3.019541501998901367e+00 0.000000000000000000e+00
6.863255500793457031e-01 -2.972803115844726562e+00 0.000000000000000000e+00
7.482643127441406250e-01 -3.001124620437622070e+00 0.000000000000000000e+00
8.000095486640930176e-01 -2.985676765441894531e+00 0.000000000000000000e+00
1.317545175552368164e+00 -3.103942394256591797e+00 0.000000000000000000e+00
1.352399230003356934e+00 -3.037538766860961914e+00 0.000000000000000000e+00
1.405628204345703125e+00 -3.014379739761352539e+00 0.000000000000000000e+00
1.409353613853454590e+00 -2.650608777999877930e+00 0.000000000000000000e+00
1.397706031799316406e+00 -2.521528482437133789e+00 0.000000000000000000e+00
1.408999919891357422e+00 -2.440459728240966797e+00 0.000000000000000000e+00
1.419444918632507324e+00 -2.362353086471557617e+00 0.000000000000000000e+00
1.428662300109863281e+00 -2.286337852478027344e+00 0.000000000000000000e+00
1.434579133987426758e+00 -2.209058284759521484e+00 0.000000000000000000e+00
1.455579042434692383e+00 -2.157984733581542969e+00 0.000000000000000000e+00
1.445986032485961914e+00 -2.065082311630249023e+00 0.000000000000000000e+00
1.460646152496337891e+00 -2.010407209396362305e+00 0.000000000000000000e+00
1.448568701744079590e+00 -1.922315835952758789e+00 0.000000000000000000e+00
1.494210362434387207e+00 -1.912502169609069824e+00 0.000000000000000000e+00
1.465687155723571777e+00 -1.809973001480102539e+00 0.000000000000000000e+00
1.487410426139831543e+00 -1.772626876831054688e+00 0.000000000000000000e+00
1.493846297264099121e+00 -1.718473792076110840e+00 0.000000000000000000e+00
1.514911532402038574e+00 -1.682479858398437500e+00 0.000000000000000000e+00
1.517446160316467285e+00 -1.627261996269226074e+00 0.000000000000000000e+00
1.521301746368408203e+00 -1.575354218482971191e+00 0.000000000000000000e+00
1.496237874031066895e+00 -1.496237993240356445e+00 0.000000000000000000e+00
1.536509633064270020e+00 -1.483790278434753418e+00 0.000000000000000000e+00
1.536574125289916992e+00 -1.432878613471984863e+00 0.000000000000000000e+00
1.529392004013061523e+00 -1.377070903778076172e+00 0.000000000000000000e+00
1.530551075935363770e+00 -1.330487847328186035e+00 0.000000000000000000e+00
1.535152912139892578e+00 -1.288146376609802246e+00 0.000000000000000000e+00
1.544966101646423340e+00 -1.251088976860046387e+00 0.000000000000000000e+00
1.566565394401550293e+00 -1.223935127258300781e+00 0.000000000000000000e+00
1.564526915550231934e+00 -1.178955674171447754e+00 0.000000000000000000e+00
1.558975696563720703e+00 -1.132662296295166016e+00 0.000000000000000000e+00
1.580144286155700684e+00 -1.106428980827331543e+00 0.000000000000000000e+00
1.583461642265319824e+00 -1.068058490753173828e+00 0.000000000000000000e+00
1.588442087173461914e+00 -1.031546473503112793e+00 0.000000000000000000e+00
1.618075728416442871e+00 -1.011085987091064453e+00 0.000000000000000000e+00
1.601188540458679199e+00 -9.620912075042724609e-01 0.000000000000000000e+00
1.577898263931274414e+00 -9.110000729560852051e-01 0.000000000000000000e+00
1.623294115066528320e+00 -8.998066782951354980e-01 0.000000000000000000e+00
1.598135113716125488e+00 -8.497435450553894043e-01 0.000000000000000000e+00
1.635887861251831055e+00 -8.335266113281250000e-01 0.000000000000000000e+00
1.618728041648864746e+00 -7.895064949989318848e-01 0.000000000000000000e+00
1.615946769714355469e+00 -7.535284161567687988e-01 0.000000000000000000e+00
1.633419275283813477e+00 -7.272452116012573242e-01 0.000000000000000000e+00
1.639419078826904297e+00 -6.958922147750854492e-01 0.000000000000000000e+00
1.642969727516174316e+00 -6.638029217720031738e-01 0.000000000000000000e+00
1.658972382545471191e+00 -6.368198990821838379e-01 0.000000000000000000e+00
1.672652840614318848e+00 -6.087959408760070801e-01 0.000000000000000000e+00
1.657494068145751953e+00 -5.707210302352905273e-01 0.000000000000000000e+00
1.641523480415344238e+00 -5.333634018898010254e-01 0.000000000000000000e+00
1.591291069984436035e+00 -4.865066111087799072e-01 0.000000000000000000e+00
1.659137606620788574e+00 -4.757501482963562012e-01 0.000000000000000000e+00
1.618891716003417969e+00 -4.337807893753051758e-01 0.000000000000000000e+00
1.668908715248107910e+00 -4.161057472229003906e-01 0.000000000000000000e+00
1.634018659591674805e+00 -3.772430121898651123e-01 0.000000000000000000e+00
1.654047608375549316e+00 -3.515787422657012939e-01 0.000000000000000000e+00
1.655023455619812012e+00 -3.217040300369262695e-01 0.000000000000000000e+00
1.700762987136840820e+00 -2.998904883861541748e-01 0.000000000000000000e+00
1.642525672912597656e+00 -2.601505815982818604e-01 0.000000000000000000e+00
1.672562718391418457e+00 -2.350634485483169556e-01 0.000000000000000000e+00
1.668470025062561035e+00 -2.048624455928802490e-01 0.000000000000000000e+00
1.671791315078735352e+00 -1.757124215364456177e-01 0.000000000000000000e+00
1.649698376655578613e+00 -1.443299949169158936e-01 0.000000000000000000e+00
1.675907492637634277e+00 -1.171909496188163757e-01 0.000000000000000000e+00
1.706657886505126953e+00 -8.944223076105117798e-02 0.000000000000000000e+00
1.706959486007690430e+00 -5.960842221975326538e-02 0.000000000000000000e+00
1.702740550041198730e+00 -2.972153015434741974e-02 0.000000000000000000e+00
