1.679000020027160645e+00 0.000000000000000000e+00 0.000000000000000000e+00
1.660747051239013672e+00 2.898844704031944275e-02 0.000000000000000000e+00
1.695966243743896484e+00 5.922444537281990051e-02 0.000000000000000000e+00
1.696671605110168457e+00 8.891879022121429443e-02 0.000000000000000000e+00
1.671917319297790527e+00 1.169118508696556091e-01 0.000000000000000000e+00
1.692534804344177246e+00 1.480776071548461914e-01 0.000000000000000000e+00
1.696654319763183594e+00 1.783255487680435181e-01 0.000000000000000000e+00
1.732985615730285645e+00 2.127838730812072754e-01 0.000000000000000000e+00
1.728017807006835938e+00 2.428570538759231567e-01 0.000000000000000000e+00
1.697836279869079590e+00 2.689108550548553467e-01 0.000000000000000000e+00
1.717504739761352539e+00 3.028424084186553955e-01 0.000000000000000000e+00
1.721773982048034668e+00 3.346789777278900146e-01 0.000000000000000000e+00
1.738168239593505859e+00 3.694590628147125244e-01 0.000000000000000000e+00
1.731455564498901367e+00 3.997380137443542480e-01 0.000000000000000000e+00
1.721304655075073242e+00 4.291694462299346924e-01 0.000000000000000000e+00
1.726109385490417480e+00 4.625096023082733154e-01 0.000000000000000000e+00
1.758147597312927246e+00 5.041407346725463867e-01 0.000000000000000000e+00
1.766294836997985840e+00 5.400105118751525879e-01 0.000000000000000000e+00
1.760405540466308594e+00 5.719904303550720215e-01 0.000000000000000000e+00
1.745427250862121582e+00 6.009988188743591309e-01 0.000000000000000000e+00
1.737491607666015625e+00 6.323952078819274902e-01 0.000000000000000000e+00
1.763533473014831543e+00 6.769570708274841309e-01 0.000000000000000000e+00
1.762576580047607422e+00 7.121271491050720215e-01 0.000000000000000000e+00
1.762766718864440918e+00 7.482500672340393066e-01 0.000000000000000000e+00
1.775932431221008301e+00 7.906960248947143555e-01 0.000000000000000000e+00
1.784520030021667480e+00 8.321353197097778320e-01 0.000000000000000000e+00
1.803879618644714355e+00 8.798108696937561035e-01 0.000000000000000000e+00
1.810525298118591309e+00 9.225087165832519531e-01 0.000000000000000000e+00
1.817989110946655273e+00 9.666419625282287598e-01 0.000000000000000000e+00
1.802591323852539062e+00 9.991926550865173340e-01 0.000000000000000000e+00
1.808261156082153320e+00 1.044000029563903809e+00 0.000000000000000000e+00
1.771764755249023438e+00 1.064583659172058105e+00 0.000000000000000000e+00
1.706272840499877930e+00 1.066197633743286133e+00 0.000000000000000000e+00
1.656374454498291016e+00 1.075662136077880859e+00 0.000000000000000000e+00
1.600871562957763672e+00 1.079801440238952637e+00 0.000000000000000000e+00
1.561303853988647461e+00 1.093236684799194336e+00 0.000000000000000000e+00
1.533087253570556641e+00 1.113852977752685547e+00 0.000000000000000000e+00
1.493448376655578613e+00 1.125394105911254883e+00 0.000000000000000000e+00
1.523224711418151855e+00 1.190073609352111816e+00 0.000000000000000000e+00
1.549628973007202148e+00 1.254864811897277832e+00 0.000000000000000000e+00
1.551240086555480957e+00 1.301644921302795410e+00 0.000000000000000000e+00
1.552437543869018555e+00 1.349513411521911621e+00 0.000000000000000000e+00
1.546484470367431641e+00 1.392460823059082031e+00 0.000000000000000000e+00
1.580455422401428223e+00 1.473798513412475586e+00 0.000000000000000000e+00
1.576792836189270020e+00 1.522691130638122559e+00 0.000000000000000000e+00
1.576848149299621582e+00 1.576848149299621582e+00 0.000000000000000000e+00
1.568538546562194824e+00 1.624269127845764160e+00 0.000000000000000000e+00
1.566550254821777344e+00 1.679919362068176270e+00 0.000000000000000000e+00
1.571118712425231934e+00 1.744904041290283203e+00 0.000000000000000000e+00
1.885513663291931152e+00 2.169035434722900391e+00 0.000000000000000000e+00
2.060777187347412109e+00 2.455938577651977539e+00 0.000000000000000000e+00
1.588500022888183594e+00 2.751362800598144531e+00 0.000000000000000000e+00
1.234577536582946777e+00 3.216184377670288086e+00 0.000000000000000000e+00
1.081211924552917480e+00 3.140067338943481445e+00 0.000000000000000000e+00
1.025627493858337402e+00 3.156556606292724609e+00 0.000000000000000000e+00
9.680427908897399902e-01 3.166325092315673828e+00 0.000000000000000000e+00
9.242120385169982910e-01 3.223110437393188477e+00 0.000000000000000000e+00
8.481500148773193359e-01 3.165338993072509766e+00 0.000000000000000000e+00
7.852784991264343262e-01 3.149580001831054688e+00 0.000000000000000000e+00
7.292913794517517090e-01 3.158907890319824219e+00 0.000000000000000000e+00
6.763367652893066406e-01 3.181914091110229492e+00 0.000000000000000000e+00
6.174579262733459473e-01 3.176545619964599609e+00 0.000000000000000000e+00
5.584526062011718750e-01 3.167141914367675781e+00 0.000000000000000000e+00
5.048140287399291992e-01 3.187270164489746094e+00 0.000000000000000000e+00
4.441013932228088379e-01 3.159945487976074219e+00 0.000000000000000000e+00
3.951004743576049805e-01 3.217834711074829102e+00 0.000000000000000000e+00
3.359545171260833740e-01 3.196393251419067383e+00 0.000000000000000000e+00
2.823846340179443359e-01 3.227670907974243164e+00 0.000000000000000000e+00
2.348700910806655884e-01 3.358798265457153320e+00 0.000000000000000000e+00
1.701442301273345947e-01 3.246544599533081055e+00 0.000000000000000000e+00
1.155871748924255371e-01 3.309982538223266602e+00 0.000000000000000000e+00
5.647602677345275879e-02 3.235507249832153320e+00 0.000000000000000000e+00
3.927818781335190579e-08 3.227999925613403320e+00 0.000000000000000000e+00
-5.659811571240425110e-02 3.242506027221679688e+00 0.000000000000000000e+00
-1.128300353884696960e-01 3.231030702590942383e+00 0.000000000000000000e+00
-1.722375899553298950e-01 3.286489725112915039e+00 0.000000000000000000e+00
-2.343817055225372314e-01 3.351815223693847656e+00 0.000000000000000000e+00
-3.590552210807800293e-01 3.416182756423950195e+00 0.000000000000000000e+00
-4.070435464382171631e-01 3.315104007720947266e+00 0.000000000000000000e+00
-4.552351534366607666e-01 3.239166736602783203e+00 0.000000000000000000e+00
-5.160772800445556641e-01 3.258383750915527344e+00 0.000000000000000000e+00
-5.728653073310852051e-01 3.248880863189697266e+00 0.000000000000000000e+00
-5.991402268409729004e-01 3.082309484481811523e+00 0.000000000000000000e+00
-6.309322714805603027e-01 2.530531406402587891e+00 0.000000000000000000e+00
-6.910468339920043945e-01 2.579021930694580078e+00 0.000000000000000000e+00
-7.359517216682434082e-01 2.566568851470947266e+00 0.000000000000000000e+00
-7.803400158882141113e-01 2.552377223968505859e+00 0.000000000000000000e+00
-2.161293029785156250e+00 -7.866462469100952148e-01 0.000000000000000000e+00
-2.136965751647949219e+00 -8.203042149543762207e-01 0.000000000000000000e+00
-1.204516530036926270e+00 -1.047070145606994629e+00 0.000000000000000000e+00
-1.190518021583557129e+00 -1.071947216987609863e+00 0.000000000000000000e+00
-1.170166015625000000e+00 -1.091197371482849121e+00 0.000000000000000000e+00
-1.140872955322265625e+00 -1.101728081703186035e+00 0.000000000000000000e+00
-1.111571907997131348e+00 -1.111571788787841797e+00 0.000000000000000000e+00
-1.067689895629882812e+00 -1.105625152587890625e+00 0.000000000000000000e+00
-1.007041573524475098e+00 -1.118432879447937012e+00 0.000000000000000000e+00
-9.301483631134033203e-01 -2.701346635818481445e+00 0.000000000000000000e+00
-4.929872751235961914e-01 -2.795869112014770508e+00 0.000000000000000000e+00
-4.585095047950744629e-01 -2.894914388656616211e+00 0.000000000000000000e+00
-4.147359430789947510e-01 -2.950998783111572266e+00 0.000000000000000000e+00
-3.556148409843444824e-01 -2.896249532699584961e+00 0.000000000000000000e+00
-3.057458400726318359e-01 -2.908976554870605469e+00 0.000000000000000000e+00
-2.542334198951721191e-01 -2.905900001525878906e+00 0.000000000000000000e+00
-2.045260816812515259e-01 -2.924857616424560547e+00 0.000000000000000000e+00
-1.545481830835342407e-01 -2.948953151702880859e+00 0.000000000000000000e+00
-1.052918881177902222e-01 -3.015161991119384766e+00 0.000000000000000000e+00
-4.736592993140220642e-02 -2.713586568832397461e+00 0.000000000000000000e+00
4.847902953624725342e-01 -3.060846090316772461e+00 0.000000000000000000e+00
5.318842530250549316e-01 -3.016466140747070312e+00 0.000000000000000000e+00
5.810132622718811035e-01 -2.989054918289184570e+00 0.000000000000000000e+00
6.312198042869567871e-01 -2.969656229019165039e+00 0.000000000000000000e+00
6.941988468170166016e-01 -3.006906032562255859e+00 0.000000000000000000e+00
7.492319941520690918e-01 -3.005005836486816406e+00 0.000000000000000000e+00
8.057035207748413086e-01 -3.006927013397216797e+00 0.000000000000000000e+00
1.313637971878051758e+00 -3.094737291336059570e+00 0.000000000000000000e+00
1.380057215690612793e+00 -3.099659681320190430e+00 0.000000000000000000e+00
1.357872366905212402e+00 -2.911967039108276367e+00 0.000000000000000000e+00
1.370786547660827637e+00 -2.810529232025146484e+00 0.000000000000000000e+00
1.341995835304260254e+00 -2.633815526962280273e+00 0.000000000000000000e+00
1.392452597618103027e+00 -2.618822574615478516e+00 0.000000000000000000e+00
1.392373085021972656e+00 -2.511907815933227539e+00 0.000000000000000000e+00
1.391499876976013184e+00 -2.410148859024047852e+00 0.000000000000000000e+00
1.423050165176391602e+00 -2.368353366851806641e+00 0.000000000000000000e+00
1.422303199768066406e+00 -2.276161193847656250e+00 0.000000000000000000e+00
1.433489799499511719e+00 -2.207381010055541992e+00 0.000000000000000000e+00
1.436566472053527832e+00 -2.129797697067260742e+00 0.000000000000000000e+00
1.459751963615417480e+00 -2.084742069244384766e+00 0.000000000000000000e+00
1.458295106887817383e+00 -2.007171154022216797e+00 0.000000000000000000e+00
1.478057622909545898e+00 -1.961448907852172852e+00 0.000000000000000000e+00
1.464042901992797852e+00 -1.873889684677124023e+00 0.000000000000000000e+00
1.475756287574768066e+00 -1.822407364845275879e+00 0.000000000000000000e+00
1.488053321838378906e+00 -1.773393034934997559e+00 0.000000000000000000e+00
1.492534279823303223e+00 -1.716964483261108398e+00 0.000000000000000000e+00
1.504205465316772461e+00 -1.670589566230773926e+00 0.000000000000000000e+00
1.514718294143676758e+00 -1.624336600303649902e+00 0.000000000000000000e+00
1.521996378898620605e+00 -1.576073527336120605e+00 0.000000000000000000e+00
1.520279526710510254e+00 -1.520279765129089355e+00 0.000000000000000000e+00
1.527877688407897949e+00 -1.475454449653625488e+00 0.000000000000000000e+00
1.537305474281311035e+00 -1.433560609817504883e+00 0.000000000000000000e+00
1.539052963256835938e+00 -1.385769605636596680e+00 0.000000000000000000e+00
1.543381094932556152e+00 -1.341640830039978027e+00 0.000000000000000000e+00
1.547409653663635254e+00 -1.298431038856506348e+00 0.000000000000000000e+00
1.559731841087341309e+00 -1.263046026229858398e+00 0.000000000000000000e+00
1.576021432876586914e+00 -1.231323003768920898e+00 0.000000000000000000e+00
1.574110507965087891e+00 -1.186177492141723633e+00 0.000000000000000000e+00
1.580819129943847656e+00 -1.148532390594482422e+00 0.000000000000000000e+00
1.571133613586425781e+00 -1.100119709968566895e+00 0.000000000000000000e+00
1.592581152915954590e+00 -1.074209690093994141e+00 0.000000000000000000e+00
1.597667336463928223e+00 -1.037537455558776855e+00 0.000000000000000000e+00
1.606203079223632812e+00 -1.003667235374450684e+00 0.000000000000000000e+00
1.578902125358581543e+00 -9.487001895904541016e-01 0.000000000000000000e+00
1.593486785888671875e+00 -9.200000762939453125e-01 0.000000000000000000e+00
1.632914900779724121e+00 -9.051396250724792480e-01 0.000000000000000000e+00
1.625506401062011719e+00 -8.642972111701965332e-01 0.000000000000000000e+00
1.641234040260314941e+00 -8.362506031990051270e-01 0.000000000000000000e+00
1.626817107200622559e+00 -7.934518456459045410e-01 0.000000000000000000e+00
1.625009775161743164e+00 -7.577546238899230957e-01 0.000000000000000000e+00
1.635246276855468750e+00 -7.280586361885070801e-01 0.000000000000000000e+00
1.618247509002685547e+00 -6.869053840637207031e-01 0.000000000000000000e+00
1.622571706771850586e+00 -6.555616259574890137e-01 0.000000000000000000e+00
1.649636507034301758e+00 -6.332362294197082520e-01 0.000000000000000000e+00
1.642582654953002930e+00 -5.978512763977050781e-01 0.000000000000000000e+00
1.650875449180603027e+00 -5.684421062469482422e-01 0.000000000000000000e+00
1.573047518730163574e+00 -5.111141800880432129e-01 0.000000000000000000e+00
1.632412195205688477e+00 -4.990785717964172363e-01 0.000000000000000000e+00
1.645680069923400879e+00 -4.718912243843078613e-01 0.000000000000000000e+00
1.670085668563842773e+00 -4.474982023239135742e-01 0.000000000000000000e+00
1.685403704643249512e+00 -4.202184081077575684e-01 0.000000000000000000e+00
1.649608492851257324e+00 -3.808422088623046875e-01 0.000000000000000000e+00
1.677523136138916016e+00 -3.565686345100402832e-01 0.000000000000000000e+00
1.708031296730041504e+00 -3.320077359676361084e-01 0.000000000000000000e+00
1.682051539421081543e+00 -2.965911626815795898e-01 0.000000000000000000e+00
1.629685759544372559e+00 -2.581169307231903076e-01 0.000000000000000000e+00
1.682465434074401855e+00 -2.364551723003387451e-01 0.000000000000000000e+00
1.659537196159362793e+00 -2.037656307220458984e-01 0.000000000000000000e+00
1.687703728675842285e+00 -1.773848831653594971e-01 0.000000000000000000e+00
1.652687072753906250e+00 -1.445914655923843384e-01 0.000000000000000000e+00
1.703839302062988281e+00 -1.191441342234611511e-01 0.000000000000000000e+00
1.680693507194519043e+00 -8.808149397373199463e-02 0.000000000000000000e+00
1.664985179901123047e+00 -5.814264342188835144e-02 0.000000000000000000e+00
1.694741845130920410e+00 -2.958191186189651489e-02 0.000000000000000000e+00
