1.590000033378601074e+00 0.000000000000000000e+00 0.000000000000000000e+00
1.608754873275756836e+00 2.808092162013053894e-02 0.000000000000000000e+00
1.607020497322082520e+00 5.611839145421981812e-02 0.000000000000000000e+00
1.598805785179138184e+00 8.378986269235610962e-02 0.000000000000000000e+00
1.604083061218261719e+00 1.121684089303016663e-01 0.000000000000000000e+00
1.630770683288574219e+00 1.426739394664764404e-01 0.000000000000000000e+00
1.634994029998779297e+00 1.718447953462600708e-01 0.000000000000000000e+00
1.543409228324890137e+00 1.895068138837814331e-01 0.000000000000000000e+00
1.572545766830444336e+00 2.210068851709365845e-01 0.000000000000000000e+00
1.610919713973999023e+00 2.551446259021759033e-01 0.000000000000000000e+00
1.539254426956176758e+00 2.714121043682098389e-01 0.000000000000000000e+00
1.582383036613464355e+00 3.075841069221496582e-01 0.000000000000000000e+00
1.568948745727539062e+00 3.334903419017791748e-01 0.000000000000000000e+00
1.558992147445678711e+00 3.599216938018798828e-01 0.000000000000000000e+00
1.591284990310668945e+00 3.967519104480743408e-01 0.000000000000000000e+00
1.591845750808715820e+00 4.265337884426116943e-01 0.000000000000000000e+00
1.608190774917602539e+00 4.611412882804870605e-01 0.000000000000000000e+00
1.544432163238525391e+00 4.721803069114685059e-01 0.000000000000000000e+00
1.589215397834777832e+00 5.163673758506774902e-01 0.000000000000000000e+00
1.594144344329833984e+00 5.489078760147094727e-01 0.000000000000000000e+00
1.576804161071777344e+00 5.739097595214843750e-01 0.000000000000000000e+00
1.577750921249389648e+00 6.056418418884277344e-01 0.000000000000000000e+00
1.569722175598144531e+00 6.342089176177978516e-01 0.000000000000000000e+00
1.596155405044555664e+00 6.775277853012084961e-01 0.000000000000000000e+00
1.560335636138916016e+00 6.947061419486999512e-01 0.000000000000000000e+00
1.595101714134216309e+00 7.438081502914428711e-01 0.000000000000000000e+00
1.596258282661437988e+00 7.785471677780151367e-01 0.000000000000000000e+00
1.529858231544494629e+00 7.795016765594482422e-01 0.000000000000000000e+00
1.595486283302307129e+00 8.483351469039916992e-01 0.000000000000000000e+00
1.583061575889587402e+00 8.775053620338439941e-01 0.000000000000000000e+00
1.565773963928222656e+00 9.039999842643737793e-01 0.000000000000000000e+00
1.572044849395751953e+00 9.445798397064208984e-01 0.000000000000000000e+00
1.587545990943908691e+00 9.920088648796081543e-01 0.000000000000000000e+00
1.594312787055969238e+00 1.035358786582946777e+00 0.000000000000000000e+00
1.609990954399108887e+00 1.085952639579772949e+00 0.000000000000000000e+00
1.578505992889404297e+00 1.105281829833984375e+00 0.000000000000000000e+00
1.594572424888610840e+00 1.158524751663208008e+00 0.000000000000000000e+00
1.566922903060913086e+00 1.180761098861694336e+00 0.000000000000000000e+00
1.510616660118103027e+00 1.180223107337951660e+00 0.000000000000000000e+00
1.450931549072265625e+00 1.174941182136535645e+00 0.000000000000000000e+00
1.394200921058654785e+00 1.169873476028442383e+00 0.000000000000000000e+00
1.356213212013244629e+00 1.178938150405883789e+00 0.000000000000000000e+00
1.307191729545593262e+00 1.177000641822814941e+00 0.000000000000000000e+00
1.300346851348876953e+00 1.212593078613281250e+00 0.000000000000000000e+00
1.301285743713378906e+00 1.256636977195739746e+00 0.000000000000000000e+00
1.309561729431152344e+00 1.309561729431152344e+00 0.000000000000000000e+00
1.308041691780090332e+00 1.354516863822937012e+00 0.000000000000000000e+00
1.318984866142272949e+00 1.414438009262084961e+00 0.000000000000000000e+00
1.294098615646362305e+00 1.437242150306701660e+00 0.000000000000000000e+00
1.302277207374572754e+00 1.498098492622375488e+00 0.000000000000000000e+00
1.314500689506530762e+00 1.566560983657836914e+00 0.000000000000000000e+00
1.301434636116027832e+00 1.607137918472290039e+00 0.000000000000000000e+00
1.300892710685729980e+00 1.665066599845886230e+00 0.000000000000000000e+00
1.297513127326965332e+00 1.721858024597167969e+00 0.000000000000000000e+00
1.291952013969421387e+00 1.778219342231750488e+00 0.000000000000000000e+00
1.284237742424011230e+00 1.834081530570983887e+00 0.000000000000000000e+00
1.536662101745605469e+00 2.278195142745971680e+00 0.000000000000000000e+00
1.572372913360595703e+00 2.421241998672485352e+00 0.000000000000000000e+00
1.538418769836425781e+00 2.560358762741088867e+00 0.000000000000000000e+00
1.514999985694885254e+00 2.624057054519653320e+00 0.000000000000000000e+00
1.353101968765258789e+00 3.187708377838134766e+00 0.000000000000000000e+00
7.268168926239013672e-01 3.148189544677734375e+00 0.000000000000000000e+00
6.750892996788024902e-01 3.176045179367065430e+00 0.000000000000000000e+00
6.176487207412719727e-01 3.177527189254760742e+00 0.000000000000000000e+00
5.551532506942749023e-01 3.148430347442626953e+00 0.000000000000000000e+00
5.057526826858520508e-01 3.193196535110473633e+00 0.000000000000000000e+00
4.414570927619934082e-01 3.141130208969116211e+00 0.000000000000000000e+00
3.888851106166839600e-01 3.167214632034301758e+00 0.000000000000000000e+00
3.330277204513549805e-01 3.168546915054321289e+00 0.000000000000000000e+00
2.674809992313385010e-01 3.057321548461914062e+00 0.000000000000000000e+00
1.991547644138336182e-01 2.848045349121093750e+00 0.000000000000000000e+00
1.409407705068588257e-01 2.689309358596801758e+00 0.000000000000000000e+00
9.112261980772018433e-02 2.609409570693969727e+00 0.000000000000000000e+00
4.689465090632438660e-02 2.686590909957885742e+00 0.000000000000000000e+00
3.243979307399058598e-08 2.665999889373779297e+00 0.000000000000000000e+00
-4.555074870586395264e-02 2.609602451324462891e+00 0.000000000000000000e+00
-1.131441295146942139e-01 3.240025281906127930e+00 0.000000000000000000e+00
-1.654862463474273682e-01 3.157666444778442383e+00 0.000000000000000000e+00
-2.188957780599594116e-01 3.130356073379516602e+00 0.000000000000000000e+00
-2.753249406814575195e-01 3.146979093551635742e+00 0.000000000000000000e+00
-3.259197175502777100e-01 3.100919246673583984e+00 0.000000000000000000e+00
-3.848633468151092529e-01 3.134460687637329102e+00 0.000000000000000000e+00
-4.331066608428955078e-01 3.081714153289794922e+00 0.000000000000000000e+00
-4.932378530502319336e-01 3.114181518554687500e+00 0.000000000000000000e+00
-1.488890290260314941e+00 1.975824236869812012e+00 0.000000000000000000e+00
-1.467736959457397461e+00 1.878617763519287109e+00 0.000000000000000000e+00
-1.446807622909545898e+00 1.786658644676208496e+00 0.000000000000000000e+00
-1.475840330123901367e+00 1.758838057518005371e+00 0.000000000000000000e+00
-1.502375125885009766e+00 1.728284955024719238e+00 0.000000000000000000e+00
-1.534316420555114746e+00 1.704031109809875488e+00 0.000000000000000000e+00
-1.571324110031127930e+00 1.685038924217224121e+00 0.000000000000000000e+00
-1.616469979286193848e+00 1.673903703689575195e+00 0.000000000000000000e+00
-1.664529442787170410e+00 1.664529442787170410e+00 0.000000000000000000e+00
-3.096247673034667969e+00 1.577617049217224121e+00 0.000000000000000000e+00
-3.119714021682739258e+00 1.521586298942565918e+00 0.000000000000000000e+00
-3.132199764251708984e+00 1.460568785667419434e+00 0.000000000000000000e+00
-3.297338724136352539e+00 1.008097648620605469e+00 0.000000000000000000e+00
-1.753764748573303223e+00 2.464756071567535400e-01 0.000000000000000000e+00
-1.635716080665588379e+00 2.008407115936279297e-01 0.000000000000000000e+00
-1.751353144645690918e+00 1.840746700763702393e-01 0.000000000000000000e+00
-1.750313997268676758e+00 1.531326770782470703e-01 0.000000000000000000e+00
-1.664934396743774414e+00 1.164235994219779968e-01 0.000000000000000000e+00
-1.712649703025817871e+00 8.975620567798614502e-02 0.000000000000000000e+00
-2.058745145797729492e+00 7.189301401376724243e-02 0.000000000000000000e+00
-1.884999990463256836e+00 4.587322521842907008e-08 0.000000000000000000e+00
-9.781015515327453613e-01 -7.106323242187500000e-01 0.000000000000000000e+00
-1.164853215217590332e+00 -1.249152064323425293e+00 0.000000000000000000e+00
-1.143544197082519531e+00 -1.270034432411193848e+00 0.000000000000000000e+00
-1.128421545028686523e+00 -1.298100471496582031e+00 0.000000000000000000e+00
-1.088239431381225586e+00 -1.296913146972656250e+00 0.000000000000000000e+00
-1.050965070724487305e+00 -1.297833681106567383e+00 0.000000000000000000e+00
-1.028770327568054199e+00 -1.316765904426574707e+00 0.000000000000000000e+00
-9.857730269432067871e-01 -1.308164954185485840e+00 0.000000000000000000e+00
-9.657312035560607910e-01 -1.329214930534362793e+00 0.000000000000000000e+00
-9.286202788352966309e-01 -1.326207041740417480e+00 0.000000000000000000e+00
-8.835248351097106934e-01 -1.309879422187805176e+00 0.000000000000000000e+00
-8.218603134155273438e-01 -1.265553832054138184e+00 0.000000000000000000e+00
-8.245544433593750000e-01 -1.319562792778015137e+00 0.000000000000000000e+00
-7.926436662673950195e-01 -1.319180488586425781e+00 0.000000000000000000e+00
-1.644474267959594727e+00 -2.966709852218627930e+00 0.000000000000000000e+00
-1.073259353637695312e+00 -2.948755502700805664e+00 0.000000000000000000e+00
-1.025865316390991211e+00 -2.979329109191894531e+00 0.000000000000000000e+00
-9.758757948875427246e-01 -3.003436326980590820e+00 0.000000000000000000e+00
-9.040133953094482422e-01 -2.956894397735595703e+00 0.000000000000000000e+00
-8.539246320724487305e-01 -2.977988719940185547e+00 0.000000000000000000e+00
-7.992333173751831055e-01 -2.982779026031494141e+00 0.000000000000000000e+00
-6.543827056884765625e-01 -2.834442377090454102e+00 0.000000000000000000e+00
-6.052310466766357422e-01 -2.847387552261352539e+00 0.000000000000000000e+00
-5.443781614303588867e-01 -2.800582170486450195e+00 0.000000000000000000e+00
-2.075256109237670898e-01 -2.967752933502197266e+00 0.000000000000000000e+00
-1.557519137859344482e-01 -2.971921443939208984e+00 0.000000000000000000e+00
-1.038261055946350098e-01 -2.973187685012817383e+00 0.000000000000000000e+00
-5.120546743273735046e-02 -2.933553218841552734e+00 0.000000000000000000e+00
-1.077229896395692776e-07 -2.950999975204467773e+00 0.000000000000000000e+00
5.120525509119033813e-02 -2.933553218841552734e+00 0.000000000000000000e+00
1.026393100619316101e-01 -2.939208507537841797e+00 0.000000000000000000e+00
1.564320623874664307e-01 -2.984903812408447266e+00 0.000000000000000000e+00
2.065488100051879883e-01 -2.953787088394165039e+00 0.000000000000000000e+00
4.736834764480590820e-01 -2.990720510482788086e+00 0.000000000000000000e+00
7.306039929389953613e-01 -2.930293083190917969e+00 0.000000000000000000e+00
7.896568179130554199e-01 -2.947039842605590820e+00 0.000000000000000000e+00
8.464822173118591309e-01 -2.952034711837768555e+00 0.000000000000000000e+00
9.490384459495544434e-01 -3.104165315628051758e+00 0.000000000000000000e+00
9.570254683494567871e-01 -2.945421934127807617e+00 0.000000000000000000e+00
1.094234466552734375e+00 -3.177887916564941406e+00 0.000000000000000000e+00
1.078731417655944824e+00 -2.963790655136108398e+00 0.000000000000000000e+00
1.154661417007446289e+00 -3.007996082305908203e+00 0.000000000000000000e+00
1.627657771110534668e+00 -3.061179399490356445e+00 0.000000000000000000e+00
1.676499843597412109e+00 -2.903783082962036133e+00 0.000000000000000000e+00
1.686749577522277832e+00 -2.807223081588745117e+00 0.000000000000000000e+00
1.643809437751770020e+00 -2.630645275115966797e+00 0.000000000000000000e+00
1.641541957855224609e+00 -2.527753114700317383e+00 0.000000000000000000e+00
1.656329274177551270e+00 -2.455609321594238281e+00 0.000000000000000000e+00
1.651900053024291992e+00 -2.359158039093017578e+00 0.000000000000000000e+00
1.640508532524108887e+00 -2.257966518402099609e+00 0.000000000000000000e+00
1.620085954666137695e+00 -2.149926900863647461e+00 0.000000000000000000e+00
1.635812520980834961e+00 -2.093744754791259766e+00 0.000000000000000000e+00
1.645043492317199707e+00 -2.031459569931030273e+00 0.000000000000000000e+00
1.633966088294982910e+00 -1.947285056114196777e+00 0.000000000000000000e+00
1.610624790191650391e+00 -1.852812051773071289e+00 0.000000000000000000e+00
1.613942861557006836e+00 -1.792465329170227051e+00 0.000000000000000000e+00
1.621110081672668457e+00 -1.738427877426147461e+00 0.000000000000000000e+00
1.624805808067321777e+00 -1.682535886764526367e+00 0.000000000000000000e+00
1.622102856636047363e+00 -1.622102975845336914e+00 0.000000000000000000e+00
1.627146601676940918e+00 -1.571317315101623535e+00 0.000000000000000000e+00
1.627261877059936523e+00 -1.517446398735046387e+00 0.000000000000000000e+00
1.628230214118957520e+00 -1.466065168380737305e+00 0.000000000000000000e+00
1.624134898185729980e+00 -1.411839008331298828e+00 0.000000000000000000e+00
1.612523555755615234e+00 -1.353067994117736816e+00 0.000000000000000000e+00
1.616463541984558105e+00 -1.308986425399780273e+00 0.000000000000000000e+00
1.624878168106079102e+00 -1.269494056701660156e+00 0.000000000000000000e+00
1.613243699073791504e+00 -1.215666413307189941e+00 0.000000000000000000e+00
1.625315189361572266e+00 -1.180860638618469238e+00 0.000000000000000000e+00
1.630112528800964355e+00 -1.141417145729064941e+00 0.000000000000000000e+00
1.617452263832092285e+00 -1.090985417366027832e+00 0.000000000000000000e+00
1.622827410697937012e+00 -1.053876519203186035e+00 0.000000000000000000e+00
1.616379618644714355e+00 -1.010026216506958008e+00 0.000000000000000000e+00
1.637189507484436035e+00 -9.837228059768676758e-01 0.000000000000000000e+00
1.617735385894775391e+00 -9.340000748634338379e-01 0.000000000000000000e+00
1.611049413681030273e+00 -8.930193781852722168e-01 0.000000000000000000e+00
1.623740553855895996e+00 -8.633582592010498047e-01 0.000000000000000000e+00
1.634997010231018066e+00 -8.330726623535156250e-01 0.000000000000000000e+00
1.608841300010681152e+00 -7.846844196319580078e-01 0.000000000000000000e+00
1.616853117942810059e+00 -7.539510726928710938e-01 0.000000000000000000e+00
1.616975426673889160e+00 -7.199239134788513184e-01 0.000000000000000000e+00
1.621008992195129395e+00 -6.880776286125183105e-01 0.000000000000000000e+00
1.618862986564636230e+00 -6.540632247924804688e-01 0.000000000000000000e+00
1.618828415870666504e+00 -6.214100718498229980e-01 0.000000000000000000e+00
1.637884259223937988e+00 -5.961412191390991211e-01 0.000000000000000000e+00
1.625346422195434570e+00 -5.596517324447631836e-01 0.000000000000000000e+00
1.632012963294982910e+00 -5.302731990814208984e-01 0.000000000000000000e+00
1.617111325263977051e+00 -4.944006204605102539e-01 0.000000000000000000e+00
1.619725823402404785e+00 -4.644490182399749756e-01 0.000000000000000000e+00
1.607300639152526855e+00 -4.306749701499938965e-01 0.000000000000000000e+00
1.636888861656188965e+00 -4.081223309040069580e-01 0.000000000000000000e+00
1.645711064338684082e+00 -3.799424171447753906e-01 0.000000000000000000e+00
1.619812369346618652e+00 -3.443018496036529541e-01 0.000000000000000000e+00
1.588272809982299805e+00 -3.087290227413177490e-01 0.000000000000000000e+00
1.622963190078735352e+00 -2.861722707748413086e-01 0.000000000000000000e+00
1.649439454078674316e+00 -2.612456381320953369e-01 0.000000000000000000e+00
1.626020073890686035e+00 -2.285223007202148438e-01 0.000000000000000000e+00
1.600976943969726562e+00 -1.965753287076950073e-01 0.000000000000000000e+00
1.639966607093811035e+00 -1.723675131797790527e-01 0.000000000000000000e+00
1.627782106399536133e+00 -1.424125581979751587e-01 0.000000000000000000e+00
1.589119553565979004e+00 -1.111221462488174438e-01 0.000000000000000000e+00
1.580830454826354980e+00 -8.284789323806762695e-02 0.000000000000000000e+00
1.562047839164733887e+00 -5.454798787832260132e-02 0.000000000000000000e+00
1.589757919311523438e+00 -2.774940431118011475e-02 0.000000000000000000e+00
