1.559000015258789062e+00 0.000000000000000000e+00 0.000000000000000000e+00
1.591757535934448242e+00 2.778423018753528595e-02 0.000000000000000000e+00
1.582035660743713379e+00 5.524590238928794861e-02 0.000000000000000000e+00
1.615782618522644043e+00 8.467958122491836548e-02 0.000000000000000000e+00
1.606078147888183594e+00 1.123079210519790649e-01 0.000000000000000000e+00
1.592915296554565430e+00 1.393620222806930542e-01 0.000000000000000000e+00
1.580295324325561523e+00 1.660957187414169312e-01 0.000000000000000000e+00
1.585096240043640137e+00 1.946253329515457153e-01 0.000000000000000000e+00
1.608195304870605469e+00 2.260171025991439819e-01 0.000000000000000000e+00
1.627710342407226562e+00 2.578040063381195068e-01 0.000000000000000000e+00
1.584555625915527344e+00 2.793999016284942627e-01 0.000000000000000000e+00
1.585327863693237305e+00 3.081565201282501221e-01 0.000000000000000000e+00
1.582642793655395508e+00 3.364011049270629883e-01 0.000000000000000000e+00
1.584325790405273438e+00 3.657704293727874756e-01 0.000000000000000000e+00
1.540829658508300781e+00 3.841719925403594971e-01 0.000000000000000000e+00
1.589913964271545410e+00 4.260161519050598145e-01 0.000000000000000000e+00
1.576469182968139648e+00 4.520452618598937988e-01 0.000000000000000000e+00
1.620936632156372070e+00 4.955700635910034180e-01 0.000000000000000000e+00
1.571145296096801758e+00 5.104960799217224121e-01 0.000000000000000000e+00
1.573342919349670410e+00 5.417454242706298828e-01 0.000000000000000000e+00
1.556131005287170410e+00 5.663853883743286133e-01 0.000000000000000000e+00
1.600156784057617188e+00 6.142426729202270508e-01 0.000000000000000000e+00
1.579921245574951172e+00 6.383296251296997070e-01 0.000000000000000000e+00
1.575904369354248047e+00 6.689316630363464355e-01 0.000000000000000000e+00
1.575865983963012695e+00 7.016206979751586914e-01 0.000000000000000000e+00
1.581507086753845215e+00 7.374688386917114258e-01 0.000000000000000000e+00
1.598055839538574219e+00 7.794238924980163574e-01 0.000000000000000000e+00
1.601138830184936523e+00 8.158209323883056641e-01 0.000000000000000000e+00
1.599901080131530762e+00 8.506824970245361328e-01 0.000000000000000000e+00
1.598804831504821777e+00 8.862319588661193848e-01 0.000000000000000000e+00
1.599548935890197754e+00 9.235000014305114746e-01 0.000000000000000000e+00
1.576330661773681641e+00 9.471549987792968750e-01 0.000000000000000000e+00
1.572281122207641602e+00 9.824702739715576172e-01 0.000000000000000000e+00
1.573346018791198730e+00 1.021742820739746094e+00 0.000000000000000000e+00
1.576829433441162109e+00 1.063584923744201660e+00 0.000000000000000000e+00
1.587516665458679199e+00 1.111591100692749023e+00 0.000000000000000000e+00
1.586482286453247070e+00 1.152646899223327637e+00 0.000000000000000000e+00
1.580499649047851562e+00 1.190991878509521484e+00 0.000000000000000000e+00
1.517708659172058105e+00 1.185763955116271973e+00 0.000000000000000000e+00
1.457925915718078613e+00 1.180605053901672363e+00 0.000000000000000000e+00
1.401095271110534668e+00 1.175658583641052246e+00 0.000000000000000000e+00
1.353194236755371094e+00 1.176313877105712891e+00 0.000000000000000000e+00
1.309421181678771973e+00 1.179008126258850098e+00 0.000000000000000000e+00
1.284988403320312500e+00 1.198271036148071289e+00 0.000000000000000000e+00
1.294811606407165527e+00 1.250385046005249023e+00 0.000000000000000000e+00
1.286934375762939453e+00 1.286934375762939453e+00 0.000000000000000000e+00
1.293453931808471680e+00 1.339410662651062012e+00 0.000000000000000000e+00
1.302616834640502930e+00 1.396885514259338379e+00 0.000000000000000000e+00
1.306142926216125488e+00 1.450618743896484375e+00 0.000000000000000000e+00
1.297684788703918457e+00 1.492815613746643066e+00 0.000000000000000000e+00
1.288789272308349609e+00 1.535919189453125000e+00 0.000000000000000000e+00
1.286330819129943848e+00 1.588486313819885254e+00 0.000000000000000000e+00
1.273187994956970215e+00 1.629606246948242188e+00 0.000000000000000000e+00
1.287282347679138184e+00 1.708281278610229492e+00 0.000000000000000000e+00
1.280784010887145996e+00 1.762847900390625000e+00 0.000000000000000000e+00
1.264162421226501465e+00 1.805411100387573242e+00 0.000000000000000000e+00
1.504228949546813965e+00 2.230111122131347656e+00 0.000000000000000000e+00
1.509194731712341309e+00 2.323956012725830078e+00 0.000000000000000000e+00
1.540994048118591309e+00 2.564644575119018555e+00 0.000000000000000000e+00
1.511999964714050293e+00 2.618860721588134766e+00 0.000000000000000000e+00
1.406495332717895508e+00 3.159040212631225586e+00 0.000000000000000000e+00
1.353492617607116699e+00 3.188628673553466797e+00 0.000000000000000000e+00
7.342402338981628418e-01 3.180343866348266602e+00 0.000000000000000000e+00
6.935934424400329590e-01 3.263100385665893555e+00 0.000000000000000000e+00
6.119244694709777832e-01 3.148078441619873047e+00 0.000000000000000000e+00
5.608836412429809570e-01 3.180928945541381836e+00 0.000000000000000000e+00
5.038754343986511230e-01 3.181344032287597656e+00 0.000000000000000000e+00
4.441013932228088379e-01 3.159945487976074219e+00 0.000000000000000000e+00
3.882757723331451416e-01 3.162252187728881836e+00 0.000000000000000000e+00
3.338639438152313232e-01 3.176502943038940430e+00 0.000000000000000000e+00
2.772424519062042236e-01 3.168895244598388672e+00 0.000000000000000000e+00
2.264993041753768921e-01 3.239090442657470703e+00 0.000000000000000000e+00
1.685741543769836426e-01 3.216585636138916016e+00 0.000000000000000000e+00
1.113643348217010498e-01 3.189056158065795898e+00 0.000000000000000000e+00
5.576047673821449280e-02 3.194513320922851562e+00 0.000000000000000000e+00
3.881580568076969939e-08 3.190000057220458984e+00 0.000000000000000000e+00
-5.518446862697601318e-02 3.161518335342407227e+00 0.000000000000000000e+00
-1.104219704866409302e-01 3.162072658538818359e+00 0.000000000000000000e+00
-1.677366942167282104e-01 3.200607538223266602e+00 0.000000000000000000e+00
-3.066232502460479736e-01 2.497246265411376953e+00 0.000000000000000000e+00
-4.459285140037536621e-01 2.528986454010009766e+00 0.000000000000000000e+00
-1.560085296630859375e+00 1.926544904708862305e+00 0.000000000000000000e+00
-1.588970899581909180e+00 1.893661856651306152e+00 0.000000000000000000e+00
-1.617841601371765137e+00 1.861113905906677246e+00 0.000000000000000000e+00
-1.644053936004638672e+00 1.825906872749328613e+00 0.000000000000000000e+00
-1.659301996231079102e+00 1.779383659362792969e+00 0.000000000000000000e+00
-1.697050452232360840e+00 1.757347226142883301e+00 0.000000000000000000e+00
-1.740896821022033691e+00 1.740896821022033691e+00 0.000000000000000000e+00
-1.754469633102416992e+00 1.694271683692932129e+00 0.000000000000000000e+00
-1.808637738227844238e+00 1.686581969261169434e+00 0.000000000000000000e+00
-1.845971703529357910e+00 1.662120461463928223e+00 0.000000000000000000e+00
-3.121511697769165039e+00 1.522463083267211914e+00 0.000000000000000000e+00
-3.161201477050781250e+00 1.474092483520507812e+00 0.000000000000000000e+00
-3.316023349761962891e+00 8.885259032249450684e-01 0.000000000000000000e+00
-3.395150184631347656e+00 7.216615676879882812e-01 0.000000000000000000e+00
-1.749803662300109863e+00 2.459188997745513916e-01 0.000000000000000000e+00
-1.706186771392822266e+00 2.094934433698654175e-01 0.000000000000000000e+00
-1.754336714744567871e+00 1.843882501125335693e-01 0.000000000000000000e+00
-1.736367344856262207e+00 1.519125103950500488e-01 0.000000000000000000e+00
-1.659946560859680176e+00 1.160748153924942017e-01 0.000000000000000000e+00
-1.685686588287353516e+00 8.834313601255416870e-02 0.000000000000000000e+00
-1.902840137481689453e+00 6.644868850708007812e-02 0.000000000000000000e+00
-1.889999985694885254e+00 4.599490566192798724e-08 0.000000000000000000e+00
-1.164853215217590332e+00 -1.249152064323425293e+00 0.000000000000000000e+00
-1.140867710113525391e+00 -1.267061948776245117e+00 0.000000000000000000e+00
-1.093650460243225098e+00 -1.258100867271423340e+00 0.000000000000000000e+00
-1.081811547279357910e+00 -1.289252758026123047e+00 0.000000000000000000e+00
-1.060404896736145020e+00 -1.309490919113159180e+00 0.000000000000000000e+00
-9.961403012275695801e-01 -1.275001406669616699e+00 0.000000000000000000e+00
-9.707276821136474609e-01 -1.288199067115783691e+00 0.000000000000000000e+00
-9.328152537345886230e-01 -1.283909916877746582e+00 0.000000000000000000e+00
-9.051036238670349121e-01 -1.292621850967407227e+00 0.000000000000000000e+00
-8.829656243324279785e-01 -1.309050321578979492e+00 0.000000000000000000e+00
-8.507262468338012695e-01 -1.310003399848937988e+00 0.000000000000000000e+00
-8.250843882560729980e-01 -1.320410847663879395e+00 0.000000000000000000e+00
-7.905834913253784180e-01 -1.315751791000366211e+00 0.000000000000000000e+00
-1.090702295303344727e+00 -2.996679544448852539e+00 0.000000000000000000e+00
-1.032376766204833984e+00 -2.998239278793334961e+00 0.000000000000000000e+00
-9.703134894371032715e-01 -2.986317634582519531e+00 0.000000000000000000e+00
-9.180473089218139648e-01 -3.002796888351440430e+00 0.000000000000000000e+00
-8.528221249580383301e-01 -2.974143743515014648e+00 0.000000000000000000e+00
-8.010450601577758789e-01 -2.989540338516235352e+00 0.000000000000000000e+00
-6.602314114570617676e-01 -2.859776020050048828e+00 0.000000000000000000e+00
-6.179136037826538086e-01 -2.907054424285888672e+00 0.000000000000000000e+00
-2.115714997053146362e-01 -3.025611639022827148e+00 0.000000000000000000e+00
-1.591014117002487183e-01 -3.035833835601806641e+00 0.000000000000000000e+00
-1.052220985293388367e-01 -3.013163328170776367e+00 0.000000000000000000e+00
-5.251440033316612244e-02 -3.008541822433471680e+00 0.000000000000000000e+00
-1.090006307435942290e-07 -2.986000061035156250e+00 0.000000000000000000e+00
5.343915522098541260e-02 -3.061533689498901367e+00 0.000000000000000000e+00
1.076299399137496948e-01 -3.082121372222900391e+00 0.000000000000000000e+00
1.568507552146911621e-01 -2.992892742156982422e+00 0.000000000000000000e+00
2.090600430965423584e-01 -2.989699363708496094e+00 0.000000000000000000e+00
6.168738603591918945e-01 -2.902163982391357422e+00 0.000000000000000000e+00
7.330232262611389160e-01 -2.939996004104614258e+00 0.000000000000000000e+00
7.878450155258178711e-01 -2.940278053283691406e+00 0.000000000000000000e+00
8.699113726615905762e-01 -3.033741950988769531e+00 0.000000000000000000e+00
9.572248458862304688e-01 -3.130941629409790039e+00 0.000000000000000000e+00
1.059073090553283691e+00 -3.075772047042846680e+00 0.000000000000000000e+00
1.114301443099975586e+00 -3.061518430709838867e+00 0.000000000000000000e+00
1.122766613960266113e+00 -2.924907445907592773e+00 0.000000000000000000e+00
1.511788249015808105e+00 -2.967051744461059570e+00 0.000000000000000000e+00
1.564748525619506836e+00 -2.942864418029785156e+00 0.000000000000000000e+00
1.649807095527648926e+00 -2.976330995559692383e+00 0.000000000000000000e+00
1.670499920845031738e+00 -2.893390893936157227e+00 0.000000000000000000e+00
1.661512732505798340e+00 -2.765221834182739258e+00 0.000000000000000000e+00
1.630561470985412598e+00 -2.609443902969360352e+00 0.000000000000000000e+00
1.858308196067810059e+00 -2.861543893814086914e+00 0.000000000000000000e+00
1.707774996757507324e+00 -2.531880617141723633e+00 0.000000000000000000e+00
1.605440378189086914e+00 -2.292806625366210938e+00 0.000000000000000000e+00
1.636394023895263672e+00 -2.252303361892700195e+00 0.000000000000000000e+00
1.632724046707153320e+00 -2.166698217391967773e+00 0.000000000000000000e+00
1.620420932769775391e+00 -2.074044466018676758e+00 0.000000000000000000e+00
1.614835977554321289e+00 -1.994156599044799805e+00 0.000000000000000000e+00
1.592827558517456055e+00 -1.898258090019226074e+00 0.000000000000000000e+00
1.610624790191650391e+00 -1.852812051773071289e+00 0.000000000000000000e+00
1.614612102508544922e+00 -1.793208599090576172e+00 0.000000000000000000e+00
1.622473955154418945e+00 -1.739890456199645996e+00 0.000000000000000000e+00
1.610218048095703125e+00 -1.667429804801940918e+00 0.000000000000000000e+00
1.607253670692443848e+00 -1.607253789901733398e+00 0.000000000000000000e+00
1.622111320495605469e+00 -1.566454768180847168e+00 0.000000000000000000e+00
1.626530528068542480e+00 -1.516764402389526367e+00 0.000000000000000000e+00
1.626000761985778809e+00 -1.464057803153991699e+00 0.000000000000000000e+00
1.615833163261413574e+00 -1.404622435569763184e+00 0.000000000000000000e+00
1.615587592124938965e+00 -1.355639100074768066e+00 0.000000000000000000e+00
1.628897786140441895e+00 -1.319055557250976562e+00 0.000000000000000000e+00
1.614634037017822266e+00 -1.261490464210510254e+00 0.000000000000000000e+00
1.599666833877563477e+00 -1.205435514450073242e+00 0.000000000000000000e+00
1.613988876342773438e+00 -1.172631621360778809e+00 0.000000000000000000e+00
1.585878252983093262e+00 -1.110444068908691406e+00 0.000000000000000000e+00
1.629887819290161133e+00 -1.099373340606689453e+00 0.000000000000000000e+00
1.643794298171997070e+00 -1.067492604255676270e+00 0.000000000000000000e+00
1.644365191459655762e+00 -1.027513504028320312e+00 0.000000000000000000e+00
1.621760487556457520e+00 -9.744520783424377441e-01 0.000000000000000000e+00
1.642850160598754883e+00 -9.485000371932983398e-01 0.000000000000000000e+00
1.632914900779724121e+00 -9.051396250724792480e-01 0.000000000000000000e+00
1.646697282791137695e+00 -8.755645155906677246e-01 0.000000000000000000e+00
1.626086950302124023e+00 -8.285327553749084473e-01 0.000000000000000000e+00
1.637602686882019043e+00 -7.987123131752014160e-01 0.000000000000000000e+00
1.623197197914123535e+00 -7.569093704223632812e-01 0.000000000000000000e+00
1.633419275283813477e+00 -7.272452116012573242e-01 0.000000000000000000e+00
1.622850060462951660e+00 -6.888590455055236816e-01 0.000000000000000000e+00
1.593829035758972168e+00 -6.439487934112548828e-01 0.000000000000000000e+00
1.621629118919372559e+00 -6.224852204322814941e-01 0.000000000000000000e+00
1.606874346733093262e+00 -5.848545432090759277e-01 0.000000000000000000e+00
1.641420125961303711e+00 -5.651863813400268555e-01 0.000000000000000000e+00
1.583509087562561035e+00 -5.145133733749389648e-01 0.000000000000000000e+00
1.619023919105529785e+00 -4.949853718280792236e-01 0.000000000000000000e+00
1.617803335189819336e+00 -4.638977348804473877e-01 0.000000000000000000e+00
1.629516839981079102e+00 -4.366278052330017090e-01 0.000000000000000000e+00
1.617483019828796387e+00 -4.032838940620422363e-01 0.000000000000000000e+00
1.601864457130432129e+00 -3.698196113109588623e-01 0.000000000000000000e+00
1.611987233161926270e+00 -3.426385521888732910e-01 0.000000000000000000e+00
1.625574588775634766e+00 -3.159797787666320801e-01 0.000000000000000000e+00
1.632811188697814941e+00 -2.879087626934051514e-01 0.000000000000000000e+00
1.595116615295410156e+00 -2.526417374610900879e-01 0.000000000000000000e+00
1.615127205848693848e+00 -2.269914150238037109e-01 0.000000000000000000e+00
1.618842840194702148e+00 -1.987689882516860962e-01 0.000000000000000000e+00
1.617092609405517578e+00 -1.699633598327636719e-01 0.000000000000000000e+00
1.594907641410827637e+00 -1.395364105701446533e-01 0.000000000000000000e+00
1.580141425132751465e+00 -1.104943305253982544e-01 0.000000000000000000e+00
1.597807288169860840e+00 -8.373761177062988281e-02 0.000000000000000000e+00
1.617014408111572266e+00 -5.646746605634689331e-02 0.000000000000000000e+00
1.609754800796508789e+00 -2.809845283627510071e-02 0.000000000000000000e+00
