-1.887386798858642578e+00 -1.954446196556091309e+00 0.000000000000000000e+00
-1.826391696929931641e+00 -1.958565115928649902e+00 0.000000000000000000e+00
-1.743754386901855469e+00 -1.936635375022888184e+00 0.000000000000000000e+00
-1.676230907440185547e+00 -1.928282976150512695e+00 0.000000000000000000e+00
-1.612111330032348633e+00 -1.921239376068115234e+00 0.000000000000000000e+00
-1.568266510963439941e+00 -1.936647772789001465e+00 0.000000000000000000e+00
-1.498520135879516602e+00 -1.918018102645874023e+00 0.000000000000000000e+00
-1.063327550888061523e+00 -3.272585391998291016e+00 0.000000000000000000e+00
-1.009559631347656250e+00 -3.302120447158813477e+00 0.000000000000000000e+00
8.464846014976501465e-01 -3.395064830780029297e+00 0.000000000000000000e+00
