1.603000044822692871e+00 0.000000000000000000e+00 0.000000000000000000e+00
1.640750050544738770e+00 2.863939851522445679e-02 0.000000000000000000e+00
1.617014408111572266e+00 5.646738782525062561e-02 0.000000000000000000e+00
1.544879913330078125e+00 8.096372336149215698e-02 0.000000000000000000e+00
1.616053819656372070e+00 1.130054891109466553e-01 0.000000000000000000e+00
1.549082756042480469e+00 1.355271786451339722e-01 0.000000000000000000e+00
1.582284331321716309e+00 1.663047820329666138e-01 0.000000000000000000e+00
1.595021605491638184e+00 1.958440393209457397e-01 0.000000000000000000e+00
1.566604137420654297e+00 2.201718389987945557e-01 0.000000000000000000e+00
1.602030515670776367e+00 2.537367045879364014e-01 0.000000000000000000e+00
1.592434167861938477e+00 2.807891070842742920e-01 0.000000000000000000e+00
1.596125841140747070e+00 3.102554380893707275e-01 0.000000000000000000e+00
1.584599137306213379e+00 3.368169367313385010e-01 0.000000000000000000e+00
1.577505111694335938e+00 3.641957342624664307e-01 0.000000000000000000e+00
1.590314745903015137e+00 3.965100049972534180e-01 0.000000000000000000e+00
1.571561336517333984e+00 4.210985898971557617e-01 0.000000000000000000e+00
1.567817926406860352e+00 4.495645463466644287e-01 0.000000000000000000e+00
1.567383527755737305e+00 4.791972339153289795e-01 0.000000000000000000e+00
1.581606984138488770e+00 5.138952732086181641e-01 0.000000000000000000e+00
1.591307759284973145e+00 5.479311943054199219e-01 0.000000000000000000e+00
1.586201071739196777e+00 5.773299932479858398e-01 0.000000000000000000e+00
1.573082923889160156e+00 6.038499474525451660e-01 0.000000000000000000e+00
1.566940784454345703e+00 6.330851316452026367e-01 0.000000000000000000e+00
1.604439973831176758e+00 6.810443401336669922e-01 0.000000000000000000e+00
1.595050454139709473e+00 7.101622223854064941e-01 0.000000000000000000e+00
1.592382788658142090e+00 7.425402402877807617e-01 0.000000000000000000e+00
1.583675026893615723e+00 7.724099159240722656e-01 0.000000000000000000e+00
1.560152411460876465e+00 7.949373722076416016e-01 0.000000000000000000e+00
1.541626572608947754e+00 8.196973800659179688e-01 0.000000000000000000e+00
1.594431638717651367e+00 8.838078975677490234e-01 0.000000000000000000e+00
1.572702169418334961e+00 9.079999923706054688e-01 0.000000000000000000e+00
1.555758714675903320e+00 9.347941279411315918e-01 0.000000000000000000e+00
1.564648747444152832e+00 9.777010679244995117e-01 0.000000000000000000e+00
1.582571387290954590e+00 1.027733802795410156e+00 0.000000000000000000e+00
1.582632780075073242e+00 1.067499279975891113e+00 0.000000000000000000e+00
1.587516665458679199e+00 1.111591100692749023e+00 0.000000000000000000e+00
1.588909387588500977e+00 1.154410243034362793e+00 0.000000000000000000e+00
1.563728332519531250e+00 1.178353786468505859e+00 0.000000000000000000e+00
1.520860671997070312e+00 1.188226580619812012e+00 0.000000000000000000e+00
1.467251539230346680e+00 1.188156843185424805e+00 0.000000000000000000e+00
1.417182207107543945e+00 1.189157128334045410e+00 0.000000000000000000e+00
1.365269660949707031e+00 1.186810731887817383e+00 0.000000000000000000e+00
1.336174368858337402e+00 1.203096866607666016e+00 0.000000000000000000e+00
1.316436648368835449e+00 1.227596998214721680e+00 0.000000000000000000e+00
1.302005052566528320e+00 1.257331609725952148e+00 0.000000000000000000e+00
1.290469884872436523e+00 1.290469884872436523e+00 0.000000000000000000e+00
1.308041691780090332e+00 1.354516863822937012e+00 0.000000000000000000e+00
1.320348858833312988e+00 1.415900707244873047e+00 0.000000000000000000e+00
1.302797317504882812e+00 1.446902990341186523e+00 0.000000000000000000e+00
1.297684788703918457e+00 1.492815613746643066e+00 0.000000000000000000e+00
1.295859813690185547e+00 1.544345617294311523e+00 0.000000000000000000e+00
1.303322553634643555e+00 1.609469413757324219e+00 0.000000000000000000e+00
1.295351862907409668e+00 1.657974720001220703e+00 0.000000000000000000e+00
1.301725983619689941e+00 1.727448701858520508e+00 0.000000000000000000e+00
1.281959652900695801e+00 1.764466047286987305e+00 0.000000000000000000e+00
1.279649019241333008e+00 1.827528119087219238e+00 0.000000000000000000e+00
1.504228949546813965e+00 2.230111122131347656e+00 0.000000000000000000e+00
1.530435681343078613e+00 2.356664180755615234e+00 0.000000000000000000e+00
1.499790906906127930e+00 2.496071100234985352e+00 0.000000000000000000e+00
1.500499963760375977e+00 2.598942279815673828e+00 0.000000000000000000e+00
7.153444290161132812e-01 3.098496913909912109e+00 0.000000000000000000e+00
6.676044464111328125e-01 3.140831947326660156e+00 0.000000000000000000e+00
6.155498623847961426e-01 3.166729450225830078e+00 0.000000000000000000e+00
5.568897724151611328e-01 3.158278465270996094e+00 0.000000000000000000e+00
4.993388354778289795e-01 3.152701139450073242e+00 0.000000000000000000e+00
4.414570927619934082e-01 3.141130208969116211e+00 0.000000000000000000e+00
3.840103447437286377e-01 3.127512931823730469e+00 0.000000000000000000e+00
3.321914970874786377e-01 3.160590648651123047e+00 0.000000000000000000e+00
1.916210651397705078e-01 2.740308523178100586e+00 0.000000000000000000e+00
1.401033848524093628e-01 2.673331260681152344e+00 0.000000000000000000e+00
9.248369932174682617e-02 2.648385763168334961e+00 0.000000000000000000e+00
4.577769339084625244e-02 2.622600317001342773e+00 0.000000000000000000e+00
3.077278165619645733e-08 2.529000043869018555e+00 0.000000000000000000e+00
-5.467835068702697754e-02 3.132522821426391602e+00 0.000000000000000000e+00
-1.093400791287422180e-01 3.131091356277465820e+00 0.000000000000000000e+00
-1.664282977581024170e-01 3.175642013549804688e+00 0.000000000000000000e+00
-2.179889380931854248e-01 3.117387771606445312e+00 0.000000000000000000e+00
-2.753249406814575195e-01 3.146979093551635742e+00 0.000000000000000000e+00
-3.265468776226043701e-01 3.106886386871337891e+00 0.000000000000000000e+00
-3.820603489875793457e-01 3.111632108688354492e+00 0.000000000000000000e+00
-4.385344088077545166e-01 3.120334625244140625e+00 0.000000000000000000e+00
-4.955843389034271240e-01 3.128996610641479492e+00 0.000000000000000000e+00
-5.798112154006958008e-01 3.288273096084594727e+00 0.000000000000000000e+00
-1.481066703796386719e+00 1.965441942214965820e+00 0.000000000000000000e+00
-1.459733366966247559e+00 1.868373513221740723e+00 0.000000000000000000e+00
-1.465687155723571777e+00 1.809973001480102539e+00 0.000000000000000000e+00
-1.476483106613159180e+00 1.759604096412658691e+00 0.000000000000000000e+00
-1.505655527114868164e+00 1.732058525085449219e+00 0.000000000000000000e+00
-1.516249895095825195e+00 1.683966279029846191e+00 0.000000000000000000e+00
-1.564504146575927734e+00 1.677725315093994141e+00 0.000000000000000000e+00
-1.600492835044860840e+00 1.657358884811401367e+00 0.000000000000000000e+00
-1.675135850906372070e+00 1.675135970115661621e+00 0.000000000000000000e+00
-3.090901613235473633e+00 1.574893116950988770e+00 0.000000000000000000e+00
-3.118815422058105469e+00 1.521147966384887695e+00 0.000000000000000000e+00
-3.116792440414428711e+00 1.453384280204772949e+00 0.000000000000000000e+00
-3.294469833374023438e+00 1.007220625877380371e+00 0.000000000000000000e+00
-3.340373992919921875e+00 7.100185155868530273e-01 0.000000000000000000e+00
-1.698309779167175293e+00 2.386819124221801758e-01 0.000000000000000000e+00
-1.790553331375122070e+00 2.198523432016372681e-01 0.000000000000000000e+00
-1.731462717056274414e+00 1.819840967655181885e-01 0.000000000000000000e+00
-1.746329307556152344e+00 1.527840644121170044e-01 0.000000000000000000e+00
-1.675907492637634277e+00 1.171909123659133911e-01 0.000000000000000000e+00
-1.694674372673034668e+00 8.881416171789169312e-02 0.000000000000000000e+00
-2.111712694168090820e+00 7.374268770217895508e-02 0.000000000000000000e+00
-1.991000056266784668e+00 4.845283640975139861e-08 0.000000000000000000e+00
-1.174667358398437500e+00 -1.216403603553771973e+00 0.000000000000000000e+00
-1.168263316154479980e+00 -1.252808928489685059e+00 0.000000000000000000e+00
-1.130830764770507812e+00 -1.255914807319641113e+00 0.000000000000000000e+00
-1.089714050292968750e+00 -1.253572583198547363e+00 0.000000000000000000e+00
-1.087596654891967773e+00 -1.296147227287292480e+00 0.000000000000000000e+00
-1.020128369331359863e+00 -1.259753584861755371e+00 0.000000000000000000e+00
-1.012147545814514160e+00 -1.295489668846130371e+00 0.000000000000000000e+00
-9.586914181709289551e-01 -1.272226333618164062e+00 0.000000000000000000e+00
-9.422198534011840820e-01 -1.296854257583618164e+00 0.000000000000000000e+00
-8.970735669136047363e-01 -1.281153798103332520e+00 0.000000000000000000e+00
-8.907943964004516602e-01 -1.320656895637512207e+00 0.000000000000000000e+00
-8.534494042396545410e-01 -1.314196825027465820e+00 0.000000000000000000e+00
-8.250843882560729980e-01 -1.320410847663879395e+00 0.000000000000000000e+00
-7.993391752243041992e-01 -1.330323696136474609e+00 0.000000000000000000e+00
-1.738500118255615234e+00 -3.011170387268066406e+00 0.000000000000000000e+00
-1.089334249496459961e+00 -2.992920875549316406e+00 0.000000000000000000e+00
-1.019353985786437988e+00 -2.960418701171875000e+00 0.000000000000000000e+00
-9.715495705604553223e-01 -2.990121603012084961e+00 0.000000000000000000e+00
-9.057676792144775391e-01 -2.962632179260253906e+00 0.000000000000000000e+00
-8.577835559844970703e-01 -2.991446256637573242e+00 0.000000000000000000e+00
-7.930216193199157715e-01 -2.959596633911132812e+00 0.000000000000000000e+00
-6.546077132225036621e-01 -2.835417032241821289e+00 0.000000000000000000e+00
-6.060626506805419922e-01 -2.851300239562988281e+00 0.000000000000000000e+00
-5.342652797698974609e-01 -2.748556137084960938e+00 0.000000000000000000e+00
-2.063397467136383057e-01 -2.950794458389282227e+00 0.000000000000000000e+00
-1.543388366699218750e-01 -2.944958448410034180e+00 0.000000000000000000e+00
-1.043845042586326599e-01 -2.989177942276000977e+00 0.000000000000000000e+00
-5.185120552778244019e-02 -2.970547437667846680e+00 0.000000000000000000e+00
-1.088911147917315247e-07 -2.983000040054321289e+00 0.000000000000000000e+00
5.117034539580345154e-02 -2.931553363800048828e+00 0.000000000000000000e+00
1.025346145033836365e-01 -2.936210155487060547e+00 0.000000000000000000e+00
1.544956266880035400e-01 -2.947954177856445312e+00 0.000000000000000000e+00
2.080834507942199707e-01 -2.975733518600463867e+00 0.000000000000000000e+00
4.703983068466186523e-01 -2.969978809356689453e+00 0.000000000000000000e+00
7.354424595832824707e-01 -2.949698925018310547e+00 0.000000000000000000e+00
7.883626818656921387e-01 -2.942210197448730469e+00 0.000000000000000000e+00
8.442770838737487793e-01 -2.944344520568847656e+00 0.000000000000000000e+00
9.154157042503356934e-01 -2.994190216064453125e+00 0.000000000000000000e+00
9.672231078147888184e-01 -2.976807117462158203e+00 0.000000000000000000e+00
1.015121340751647949e+00 -2.948127031326293945e+00 0.000000000000000000e+00
1.074285149574279785e+00 -2.951574563980102539e+00 0.000000000000000000e+00
1.185839414596557617e+00 -3.089217662811279297e+00 0.000000000000000000e+00
1.530401825904846191e+00 -3.003583192825317383e+00 0.000000000000000000e+00
1.597142100334167480e+00 -3.003787755966186523e+00 0.000000000000000000e+00
1.627020955085754395e+00 -2.935223817825317383e+00 0.000000000000000000e+00
1.703230738639831543e+00 -2.834652185440063477e+00 0.000000000000000000e+00
1.652288198471069336e+00 -2.644214153289794922e+00 0.000000000000000000e+00
1.621934890747070312e+00 -2.497560977935791016e+00 0.000000000000000000e+00
1.647382259368896484e+00 -2.442344903945922852e+00 0.000000000000000000e+00
1.637560606002807617e+00 -2.338679075241088867e+00 0.000000000000000000e+00
1.613470315933227539e+00 -2.220751523971557617e+00 0.000000000000000000e+00
1.653787493705749512e+00 -2.194650411605834961e+00 0.000000000000000000e+00
1.621036529541015625e+00 -2.074832201004028320e+00 0.000000000000000000e+00
1.611060023307800293e+00 -1.989493727684020996e+00 0.000000000000000000e+00
1.590256452560424805e+00 -1.895194053649902344e+00 0.000000000000000000e+00
1.604720354080200195e+00 -1.846019744873046875e+00 0.000000000000000000e+00
1.600560307502746582e+00 -1.777602434158325195e+00 0.000000000000000000e+00
1.608152031898498535e+00 -1.724532127380371094e+00 0.000000000000000000e+00
1.596324920654296875e+00 -1.653043031692504883e+00 0.000000000000000000e+00
1.613617658615112305e+00 -1.613617777824401855e+00 0.000000000000000000e+00
1.612040400505065918e+00 -1.556729435920715332e+00 0.000000000000000000e+00
1.612634778022766113e+00 -1.503806352615356445e+00 0.000000000000000000e+00
1.634175300598144531e+00 -1.471418142318725586e+00 0.000000000000000000e+00
1.614323735237121582e+00 -1.403310298919677734e+00 0.000000000000000000e+00
1.608693242073059082e+00 -1.349853992462158203e+00 0.000000000000000000e+00
1.604806423187255859e+00 -1.299546718597412109e+00 0.000000000000000000e+00
1.616998076438903809e+00 -1.263337492942810059e+00 0.000000000000000000e+00
1.618834137916564941e+00 -1.219879150390625000e+00 0.000000000000000000e+00
1.615606904029846191e+00 -1.173807263374328613e+00 0.000000000000000000e+00
1.610452890396118164e+00 -1.127651333808898926e+00 0.000000000000000000e+00
1.633203983306884766e+00 -1.101610064506530762e+00 0.000000000000000000e+00
1.596828699111938477e+00 -1.036992788314819336e+00 0.000000000000000000e+00
1.635036706924438477e+00 -1.021684408187866211e+00 0.000000000000000000e+00
1.619189023971557617e+00 -9.729070067405700684e-01 0.000000000000000000e+00
1.615137338638305664e+00 -9.325000643730163574e-01 0.000000000000000000e+00
1.606676340103149414e+00 -8.905953764915466309e-01 0.000000000000000000e+00
1.618442893028259277e+00 -8.605414032936096191e-01 0.000000000000000000e+00
1.614503860473632812e+00 -8.226308822631835938e-01 0.000000000000000000e+00
1.622323155403137207e+00 -7.912599444389343262e-01 0.000000000000000000e+00
1.596914291381835938e+00 -7.446534633636474609e-01 0.000000000000000000e+00
1.578606605529785156e+00 -7.028409838676452637e-01 0.000000000000000000e+00
1.609962940216064453e+00 -6.833887696266174316e-01 0.000000000000000000e+00
1.617935776710510254e+00 -6.536886096000671387e-01 0.000000000000000000e+00
1.649636507034301758e+00 -6.332362294197082520e-01 0.000000000000000000e+00
1.589020133018493652e+00 -5.783561468124389648e-01 0.000000000000000000e+00
1.608327031135559082e+00 -5.537915229797363281e-01 0.000000000000000000e+00
1.632012963294982910e+00 -5.302731990814208984e-01 0.000000000000000000e+00
1.597028851509094238e+00 -4.882608056068420410e-01 0.000000000000000000e+00
1.625493526458740234e+00 -4.661028385162353516e-01 0.000000000000000000e+00
1.600538969039916992e+00 -4.288632273674011230e-01 0.000000000000000000e+00
1.631067037582397461e+00 -4.066707789897918701e-01 0.000000000000000000e+00
1.639864802360534668e+00 -3.785926997661590576e-01 0.000000000000000000e+00
1.677523136138916016e+00 -3.565686345100402832e-01 0.000000000000000000e+00
1.602015495300292969e+00 -3.114003539085388184e-01 0.000000000000000000e+00
1.615084648132324219e+00 -2.847830951213836670e-01 0.000000000000000000e+00
1.616845726966857910e+00 -2.560832798480987549e-01 0.000000000000000000e+00
1.577497124671936035e+00 -2.217028290033340454e-01 0.000000000000000000e+00
1.622812986373901367e+00 -1.992564499378204346e-01 0.000000000000000000e+00
1.608141899108886719e+00 -1.690226048231124878e-01 0.000000000000000000e+00
1.610846757888793945e+00 -1.409309059381484985e-01 0.000000000000000000e+00
1.604083061218261719e+00 -1.121684908866882324e-01 0.000000000000000000e+00
1.596808552742004395e+00 -8.368527144193649292e-02 0.000000000000000000e+00
1.615015625953674316e+00 -5.639766529202461243e-02 0.000000000000000000e+00
1.629751682281494141e+00 -2.844750136137008667e-02 0.000000000000000000e+00
