1.600000023841857910e+00 0.000000000000000000e+00 0.000000000000000000e+00
1.633751034736633301e+00 2.851723134517669678e-02 0.000000000000000000e+00
1.612017393112182617e+00 5.629288777709007263e-02 0.000000000000000000e+00
1.628764867782592773e+00 8.535994589328765869e-02 0.000000000000000000e+00
1.605080485343933105e+00 1.122381612658500671e-01 0.000000000000000000e+00
1.531151175498962402e+00 1.339583694934844971e-01 0.000000000000000000e+00
1.560404896736145020e+00 1.640051603317260742e-01 0.000000000000000000e+00
1.604947090148925781e+00 1.970627307891845703e-01 0.000000000000000000e+00
1.598292589187622070e+00 2.246253788471221924e-01 0.000000000000000000e+00
1.589190483093261719e+00 2.517030537128448486e-01 0.000000000000000000e+00
1.598343014717102051e+00 2.818309962749481201e-01 0.000000000000000000e+00
1.605942130088806152e+00 3.121635317802429199e-01 0.000000000000000000e+00
1.582642793655395508e+00 3.364011049270629883e-01 0.000000000000000000e+00
1.574582099914550781e+00 3.635209202766418457e-01 0.000000000000000000e+00
1.583522558212280273e+00 3.948165178298950195e-01 0.000000000000000000e+00
1.606334686279296875e+00 4.304160773754119873e-01 0.000000000000000000e+00
1.547631382942199707e+00 4.437761306762695312e-01 0.000000000000000000e+00
1.568339824676513672e+00 4.794895946979522705e-01 0.000000000000000000e+00
1.569243192672729492e+00 5.098780393600463867e-01 0.000000000000000000e+00
1.588471174240112305e+00 5.469544529914855957e-01 0.000000000000000000e+00
1.577743887901306152e+00 5.742518305778503418e-01 0.000000000000000000e+00
1.597356081008911133e+00 6.131675243377685547e-01 0.000000000000000000e+00
1.600319266319274902e+00 6.465709805488586426e-01 0.000000000000000000e+00
1.591552853584289551e+00 6.755741238594055176e-01 0.000000000000000000e+00
1.622456789016723633e+00 7.223643064498901367e-01 0.000000000000000000e+00
1.602352142333984375e+00 7.471891045570373535e-01 0.000000000000000000e+00
1.607942581176757812e+00 7.842459678649902344e-01 0.000000000000000000e+00
1.542332291603088379e+00 7.858574986457824707e-01 0.000000000000000000e+00
1.617560029029846191e+00 8.600718975067138672e-01 0.000000000000000000e+00
1.607551097869873047e+00 8.910800814628601074e-01 0.000000000000000000e+00
1.603013038635253906e+00 9.254999756813049316e-01 0.000000000000000000e+00
1.580616474151611328e+00 9.497302174568176270e-01 0.000000000000000000e+00
1.550231933593750000e+00 9.686923623085021973e-01 0.000000000000000000e+00
1.588442087173461914e+00 1.031546354293823242e+00 0.000000000000000000e+00
1.585119843482971191e+00 1.069176793098449707e+00 0.000000000000000000e+00
1.581782579421997070e+00 1.107576131820678711e+00 0.000000000000000000e+00
1.582437276840209961e+00 1.149707913398742676e+00 0.000000000000000000e+00
1.572513341903686523e+00 1.184973716735839844e+00 0.000000000000000000e+00
1.533468961715698242e+00 1.198077201843261719e+00 0.000000000000000000e+00
1.468805909156799316e+00 1.189415574073791504e+00 0.000000000000000000e+00
1.440163612365722656e+00 1.208440661430358887e+00 0.000000000000000000e+00
1.370552539825439453e+00 1.191403150558471680e+00 0.000000000000000000e+00
1.330229163169860840e+00 1.197743773460388184e+00 0.000000000000000000e+00
1.287182569503784180e+00 1.200317144393920898e+00 0.000000000000000000e+00
1.292653679847717285e+00 1.248301148414611816e+00 0.000000000000000000e+00
1.290469884872436523e+00 1.290469884872436523e+00 0.000000000000000000e+00
1.294843196868896484e+00 1.340849399566650391e+00 0.000000000000000000e+00
1.295796871185302734e+00 1.389572024345397949e+00 0.000000000000000000e+00
1.302128195762634277e+00 1.446159839630126953e+00 0.000000000000000000e+00
1.289156079292297363e+00 1.483004331588745117e+00 0.000000000000000000e+00
1.274005055427551270e+00 1.518300056457519531e+00 0.000000000000000000e+00
1.278779029846191406e+00 1.579160690307617188e+00 0.000000000000000000e+00
1.271956562995910645e+00 1.628030180931091309e+00 0.000000000000000000e+00
1.278856992721557617e+00 1.697100400924682617e+00 0.000000000000000000e+00
1.280784010887145996e+00 1.762847900390625000e+00 0.000000000000000000e+00
1.257853150367736816e+00 1.796400547027587891e+00 0.000000000000000000e+00
1.342063069343566895e+00 1.989690184593200684e+00 0.000000000000000000e+00
1.499391317367553711e+00 2.308860063552856445e+00 0.000000000000000000e+00
1.496700644493103027e+00 2.490928173065185547e+00 0.000000000000000000e+00
1.508000016212463379e+00 2.611932516098022461e+00 0.000000000000000000e+00
1.361697912216186523e+00 3.207959413528442383e+00 0.000000000000000000e+00
1.152289867401123047e+00 2.852017402648925781e+00 0.000000000000000000e+00
7.466126084327697754e-01 3.233934164047241211e+00 0.000000000000000000e+00
6.725943088531494141e-01 3.164307355880737305e+00 0.000000000000000000e+00
6.155498623847961426e-01 3.166729450225830078e+00 0.000000000000000000e+00
5.617518424987792969e-01 3.185853004455566406e+00 0.000000000000000000e+00
5.048140287399291992e-01 3.187270164489746094e+00 0.000000000000000000e+00
4.488332867622375488e-01 3.193614482879638672e+00 0.000000000000000000e+00
3.865695893764495850e-01 3.148356437683105469e+00 0.000000000000000000e+00
3.348047137260437012e-01 3.185453653335571289e+00 0.000000000000000000e+00
2.793341875076293945e-01 3.192803859710693359e+00 0.000000000000000000e+00
2.239880710840225220e-01 3.203178167343139648e+00 0.000000000000000000e+00
1.664283871650695801e-01 3.175642013549804688e+00 0.000000000000000000e+00
8.969173580408096313e-02 2.568434476852416992e+00 0.000000000000000000e+00
4.380556941032409668e-02 2.509617805480957031e+00 0.000000000000000000e+00
3.842643181428684329e-08 3.157999992370605469e+00 0.000000000000000000e+00
-5.661556497216224670e-02 3.243505954742431641e+00 0.000000000000000000e+00
-2.524361908435821533e-01 2.401770353317260742e+00 0.000000000000000000e+00
-2.945581674575805664e-01 2.398984193801879883e+00 0.000000000000000000e+00
-3.429224789142608643e-01 2.440020561218261719e+00 0.000000000000000000e+00
-5.004338026046752930e-01 3.159614801406860352e+00 0.000000000000000000e+00
-5.674821734428405762e-01 3.218351602554321289e+00 0.000000000000000000e+00
-6.319593787193298340e-01 3.251149177551269531e+00 0.000000000000000000e+00
-1.583185911178588867e+00 1.886767506599426270e+00 0.000000000000000000e+00
-1.616529464721679688e+00 1.859604477882385254e+00 0.000000000000000000e+00
-1.640708208084106445e+00 1.822191119194030762e+00 0.000000000000000000e+00
-1.662711977958679199e+00 1.783040285110473633e+00 0.000000000000000000e+00
-1.685935854911804199e+00 1.745837807655334473e+00 0.000000000000000000e+00
-1.727461934089660645e+00 1.727461934089660645e+00 0.000000000000000000e+00
-1.740802288055419922e+00 1.681073307991027832e+00 0.000000000000000000e+00
-1.780846238136291504e+00 1.660665988922119141e+00 0.000000000000000000e+00
-1.831851959228515625e+00 1.649406909942626953e+00 0.000000000000000000e+00
-1.854321479797363281e+00 1.611937046051025391e+00 0.000000000000000000e+00
-3.103197813034057617e+00 1.447044968605041504e+00 0.000000000000000000e+00
-3.308095216751098633e+00 7.031574249267578125e-01 0.000000000000000000e+00
-3.310046911239624023e+00 6.434080004692077637e-01 0.000000000000000000e+00
-3.349331140518188477e+00 5.905775427818298340e-01 0.000000000000000000e+00
-1.725046992301940918e+00 2.424395829439163208e-01 0.000000000000000000e+00
-1.741918444633483887e+00 2.138807326555252075e-01 0.000000000000000000e+00
-1.750358581542968750e+00 1.839701384305953979e-01 0.000000000000000000e+00
-1.740352153778076172e+00 1.522611230611801147e-01 0.000000000000000000e+00
-1.653961181640625000e+00 1.156562715768814087e-01 0.000000000000000000e+00
-1.677697539329528809e+00 8.792444318532943726e-02 0.000000000000000000e+00
-1.928824186325073242e+00 6.735607236623764038e-02 0.000000000000000000e+00
-1.743000030517578125e+00 4.241752549205557443e-08 0.000000000000000000e+00
-9.823217391967773438e-01 -7.402324676513671875e-01 0.000000000000000000e+00
-1.185313224792480469e+00 -1.271092772483825684e+00 0.000000000000000000e+00
-1.142875075340270996e+00 -1.269291281700134277e+00 0.000000000000000000e+00
-1.082497477531433105e+00 -1.245270729064941406e+00 0.000000000000000000e+00
-1.052243351936340332e+00 -1.254014730453491211e+00 0.000000000000000000e+00
-1.062292814254760742e+00 -1.311822295188903809e+00 0.000000000000000000e+00
-1.000449895858764648e+00 -1.280517458915710449e+00 0.000000000000000000e+00
-9.845694303512573242e-01 -1.306567668914794922e+00 0.000000000000000000e+00
-9.392809271812438965e-01 -1.292809128761291504e+00 0.000000000000000000e+00
-9.051036238670349121e-01 -1.292621850967407227e+00 0.000000000000000000e+00
-8.796104788780212402e-01 -1.304076075553894043e+00 0.000000000000000000e+00
-8.605297207832336426e-01 -1.325099468231201172e+00 0.000000000000000000e+00
-8.335630297660827637e-01 -1.333979606628417969e+00 0.000000000000000000e+00
-8.003692030906677246e-01 -1.332037925720214844e+00 0.000000000000000000e+00
-8.395000696182250977e-01 -1.454056620597839355e+00 0.000000000000000000e+00
-1.693924903869628906e+00 -3.055921077728271484e+00 0.000000000000000000e+00
-1.464573502540588379e+00 -2.874387025833129883e+00 0.000000000000000000e+00
-1.122408509254455566e+00 -2.923973798751831055e+00 0.000000000000000000e+00
-1.094806551933288574e+00 -3.007956027984619141e+00 0.000000000000000000e+00
-1.012516975402832031e+00 -2.940562725067138672e+00 0.000000000000000000e+00
-9.687683582305908203e-01 -2.981562137603759766e+00 0.000000000000000000e+00
-9.160006046295166016e-01 -2.996102571487426758e+00 0.000000000000000000e+00
-8.525464534759521484e-01 -2.973182439804077148e+00 0.000000000000000000e+00
-8.038920164108276367e-01 -3.000165462493896484e+00 0.000000000000000000e+00
-6.750782132148742676e-01 -2.924084424972534180e+00 0.000000000000000000e+00
-6.048151850700378418e-01 -2.845431327819824219e+00 0.000000000000000000e+00
-2.112924754619598389e-01 -3.021621465682983398e+00 0.000000000000000000e+00
-1.561706066131591797e-01 -2.979910612106323242e+00 0.000000000000000000e+00
-1.047334969043731689e-01 -2.999171733856201172e+00 0.000000000000000000e+00
-5.209553986787796021e-02 -2.984545230865478516e+00 0.000000000000000000e+00
-1.112273579906286614e-07 -3.046999931335449219e+00 0.000000000000000000e+00
5.239201709628105164e-02 -3.001542806625366211e+00 0.000000000000000000e+00
1.033721938729286194e-01 -2.960195541381835938e+00 0.000000000000000000e+00
1.555423438549041748e-01 -2.967926979064941406e+00 0.000000000000000000e+00
2.061302661895751953e-01 -2.947801589965820312e+00 0.000000000000000000e+00
4.567885398864746094e-01 -2.884050130844116211e+00 0.000000000000000000e+00
8.133412599563598633e-01 -3.262134313583374023e+00 0.000000000000000000e+00
8.321030735969543457e-01 -3.105451583862304688e+00 0.000000000000000000e+00
9.269682765007019043e-01 -3.232722997665405273e+00 0.000000000000000000e+00
8.981657624244689941e-01 -2.937768220901489258e+00 0.000000000000000000e+00
9.551714658737182617e-01 -2.939715862274169922e+00 0.000000000000000000e+00
1.012191295623779297e+00 -2.939617156982421875e+00 0.000000000000000000e+00
1.062314391136169434e+00 -2.918685197830200195e+00 0.000000000000000000e+00
1.128858923912048340e+00 -2.940778493881225586e+00 0.000000000000000000e+00
1.510426282882690430e+00 -2.964378595352172852e+00 0.000000000000000000e+00
1.572729587554931641e+00 -2.957874298095703125e+00 0.000000000000000000e+00
1.636999845504760742e+00 -2.835367202758789062e+00 0.000000000000000000e+00
1.683144211769104004e+00 -2.801222801208496094e+00 0.000000000000000000e+00
1.674014806747436523e+00 -2.678983926773071289e+00 0.000000000000000000e+00
1.645899057388305664e+00 -2.534462690353393555e+00 0.000000000000000000e+00
1.666394710540771484e+00 -2.470531940460205078e+00 0.000000000000000000e+00
1.662797927856445312e+00 -2.374721765518188477e+00 0.000000000000000000e+00
1.664607763290405273e+00 -2.291136264801025391e+00 0.000000000000000000e+00
1.647167563438415527e+00 -2.185865402221679688e+00 0.000000000000000000e+00
1.636428117752075195e+00 -2.094532728195190430e+00 0.000000000000000000e+00
1.624905228614807129e+00 -2.006590843200683594e+00 0.000000000000000000e+00
1.603112220764160156e+00 -1.910514831542968750e+00 0.000000000000000000e+00
1.602752208709716797e+00 -1.843755602836608887e+00 0.000000000000000000e+00
1.607920885086059570e+00 -1.785777211189270020e+00 0.000000000000000000e+00
1.621110081672668457e+00 -1.738427877426147461e+00 0.000000000000000000e+00
1.624805808067321777e+00 -1.682535886764526367e+00 0.000000000000000000e+00
1.615738987922668457e+00 -1.615739107131958008e+00 0.000000000000000000e+00
1.624988555908203125e+00 -1.569233417510986328e+00 0.000000000000000000e+00
1.633844137191772461e+00 -1.523584365844726562e+00 0.000000000000000000e+00
1.617826223373413086e+00 -1.456697463989257812e+00 0.000000000000000000e+00
1.618097305297851562e+00 -1.406590700149536133e+00 0.000000000000000000e+00
1.624780297279357910e+00 -1.363352656364440918e+00 0.000000000000000000e+00
1.624234914779663086e+00 -1.315279603004455566e+00 0.000000000000000000e+00
1.616210103034973145e+00 -1.262721776962280273e+00 0.000000000000000000e+00
1.632410883903503418e+00 -1.230109930038452148e+00 0.000000000000000000e+00
1.632596135139465332e+00 -1.186150670051574707e+00 0.000000000000000000e+00
1.569495320320129395e+00 -1.098972558975219727e+00 0.000000000000000000e+00
1.597555398941040039e+00 -1.077564835548400879e+00 0.000000000000000000e+00
1.647148966789245605e+00 -1.069671154022216797e+00 0.000000000000000000e+00
1.642669200897216797e+00 -1.026453733444213867e+00 0.000000000000000000e+00
1.659475803375244141e+00 -9.971137642860412598e-01 0.000000000000000000e+00
1.644582271575927734e+00 -9.495000839233398438e-01 0.000000000000000000e+00
1.641661167144775391e+00 -9.099877476692199707e-01 0.000000000000000000e+00
1.637867808341979980e+00 -8.708698153495788574e-01 0.000000000000000000e+00
1.642125010490417480e+00 -8.367046117782592773e-01 0.000000000000000000e+00
1.620525598526000977e+00 -7.903832197189331055e-01 0.000000000000000000e+00
1.624103546142578125e+00 -7.573320269584655762e-01 0.000000000000000000e+00
1.641641259193420410e+00 -7.309058308601379395e-01 0.000000000000000000e+00
1.614565491676330566e+00 -6.853424310684204102e-01 0.000000000000000000e+00
1.618862986564636230e+00 -6.540632247924804688e-01 0.000000000000000000e+00
1.641234397888183594e+00 -6.300109624862670898e-01 0.000000000000000000e+00
1.612512469291687012e+00 -5.869066119194030762e-01 0.000000000000000000e+00
1.618727803230285645e+00 -5.573727488517761230e-01 0.000000000000000000e+00
1.610138654708862305e+00 -5.231658220291137695e-01 0.000000000000000000e+00
1.607548236846923828e+00 -4.914769232273101807e-01 0.000000000000000000e+00
1.627416014671325684e+00 -4.666541218757629395e-01 0.000000000000000000e+00
1.627584934234619141e+00 -4.361101388931274414e-01 0.000000000000000000e+00
1.601958274841308594e+00 -3.994131386280059814e-01 0.000000000000000000e+00
1.603813171386718750e+00 -3.702695071697235107e-01 0.000000000000000000e+00
1.571883201599121094e+00 -3.341141641139984131e-01 0.000000000000000000e+00
1.581401348114013672e+00 -3.073933422565460205e-01 0.000000000000000000e+00
1.624932765960693359e+00 -2.865195572376251221e-01 0.000000000000000000e+00
1.552646040916442871e+00 -2.459150552749633789e-01 0.000000000000000000e+00
1.597302436828613281e+00 -2.244862914085388184e-01 0.000000000000000000e+00
1.600976943969726562e+00 -1.965753287076950073e-01 0.000000000000000000e+00
1.621070623397827148e+00 -1.703814715147018433e-01 0.000000000000000000e+00
1.602877259254455566e+00 -1.402336657047271729e-01 0.000000000000000000e+00
1.612063527107238770e+00 -1.127265393733978271e-01 0.000000000000000000e+00
1.613785386085510254e+00 -8.457498252391815186e-02 0.000000000000000000e+00
1.612017393112182617e+00 -5.629296600818634033e-02 0.000000000000000000e+00
1.613754153251647949e+00 -2.816826105117797852e-02 0.000000000000000000e+00
