1.703999996185302734e+00 0.000000000000000000e+00 0.000000000000000000e+00
1.727736830711364746e+00 3.015775978565216064e-02 0.000000000000000000e+00
1.681974768638610840e+00 5.873585119843482971e-02 0.000000000000000000e+00
1.723634481430053711e+00 9.033185988664627075e-02 0.000000000000000000e+00
1.723790764808654785e+00 1.205391883850097656e-01 0.000000000000000000e+00
1.734375000000000000e+00 1.517381519079208374e-01 0.000000000000000000e+00
1.753342151641845703e+00 1.842836737632751465e-01 0.000000000000000000e+00
1.742911100387573242e+00 2.140025645494461060e-01 0.000000000000000000e+00
1.715144276618957520e+00 2.410478144884109497e-01 0.000000000000000000e+00
1.638574957847595215e+00 2.595247924327850342e-01 0.000000000000000000e+00
1.733261585235595703e+00 3.056207895278930664e-01 0.000000000000000000e+00
1.714902639389038086e+00 3.333432972431182861e-01 0.000000000000000000e+00
1.729364991188049316e+00 3.675878643989562988e-01 0.000000000000000000e+00
1.734378695487976074e+00 4.004128575325012207e-01 0.000000000000000000e+00
1.711601734161376953e+00 4.267502427101135254e-01 0.000000000000000000e+00
1.764746546745300293e+00 4.728623926639556885e-01 0.000000000000000000e+00
1.759108901023864746e+00 5.044163465499877930e-01 0.000000000000000000e+00
1.759600758552551270e+00 5.379639267921447754e-01 0.000000000000000000e+00
1.748992919921875000e+00 5.682822465896606445e-01 0.000000000000000000e+00
1.770956277847290039e+00 6.097891330718994141e-01 0.000000000000000000e+00
1.779777884483337402e+00 6.477861404418945312e-01 0.000000000000000000e+00
1.781271457672119141e+00 6.837660670280456543e-01 0.000000000000000000e+00
1.807081341743469238e+00 7.301082611083984375e-01 0.000000000000000000e+00
1.788540840148925781e+00 7.591905593872070312e-01 0.000000000000000000e+00
1.812474131584167480e+00 8.069654703140258789e-01 0.000000000000000000e+00
1.788145303726196289e+00 8.338258266448974609e-01 0.000000000000000000e+00
1.776016950607299805e+00 8.662213683128356934e-01 0.000000000000000000e+00
1.815871357917785645e+00 9.252327084541320801e-01 0.000000000000000000e+00
1.780905246734619141e+00 9.469240903854370117e-01 0.000000000000000000e+00
1.818334341049194336e+00 1.007919192314147949e+00 0.000000000000000000e+00
1.802199006080627441e+00 1.040500044822692871e+00 0.000000000000000000e+00
1.710048794746398926e+00 1.027500987052917480e+00 0.000000000000000000e+00
1.707120776176452637e+00 1.066727519035339355e+00 0.000000000000000000e+00
1.642955660820007324e+00 1.066947817802429199e+00 0.000000000000000000e+00
1.605016708374023438e+00 1.082597494125366211e+00 0.000000000000000000e+00
1.526080250740051270e+00 1.068572878837585449e+00 0.000000000000000000e+00
1.533896207809448242e+00 1.114440798759460449e+00 0.000000000000000000e+00
1.553346157073974609e+00 1.170530200004577637e+00 0.000000000000000000e+00
1.546865105628967285e+00 1.208543539047241211e+00 0.000000000000000000e+00
1.571389198303222656e+00 1.272485852241516113e+00 0.000000000000000000e+00
1.563496589660644531e+00 1.311929464340209961e+00 0.000000000000000000e+00
1.554701685905456543e+00 1.351481556892395020e+00 0.000000000000000000e+00
1.558374643325805664e+00 1.403166770935058594e+00 0.000000000000000000e+00
1.573141813278198242e+00 1.466978430747985840e+00 0.000000000000000000e+00
1.571757435798645020e+00 1.517828464508056641e+00 0.000000000000000000e+00
1.558463335037231445e+00 1.558463335037231445e+00 0.000000000000000000e+00
1.576874494552612305e+00 1.632901310920715332e+00 0.000000000000000000e+00
1.578826308250427246e+00 1.693083882331848145e+00 0.000000000000000000e+00
1.901000142097473145e+00 2.111274480819702148e+00 0.000000000000000000e+00
1.909787893295288086e+00 2.196959495544433594e+00 0.000000000000000000e+00
1.891081094741821289e+00 2.253702640533447266e+00 0.000000000000000000e+00
1.969143509864807129e+00 2.431689739227294922e+00 0.000000000000000000e+00
1.931330084800720215e+00 2.471989870071411133e+00 0.000000000000000000e+00
1.206624984741210938e+00 3.143365383148193359e+00 0.000000000000000000e+00
1.164920568466186523e+00 3.200592994689941406e+00 0.000000000000000000e+00
1.079584002494812012e+00 3.135339498519897461e+00 0.000000000000000000e+00
1.020992159843444824e+00 3.142290592193603516e+00 0.000000000000000000e+00
9.630724191665649414e-01 3.150067806243896484e+00 0.000000000000000000e+00
8.966483473777770996e-01 3.126984357833862305e+00 0.000000000000000000e+00
8.437501192092895508e-01 3.148918151855468750e+00 0.000000000000000000e+00
7.872138619422912598e-01 3.157342195510864258e+00 0.000000000000000000e+00
7.209681272506713867e-01 3.122855901718139648e+00 0.000000000000000000e+00
6.740497350692749023e-01 3.171154499053955078e+00 0.000000000000000000e+00
6.174579262733459473e-01 3.176545619964599609e+00 0.000000000000000000e+00
5.645302534103393555e-01 3.201609849929809570e+00 0.000000000000000000e+00
5.015289187431335449e-01 3.166528940200805664e+00 0.000000000000000000e+00
4.488332867622375488e-01 3.193614482879638672e+00 0.000000000000000000e+00
3.915662467479705811e-01 3.189050912857055664e+00 0.000000000000000000e+00
3.359545171260833740e-01 3.196393251419067383e+00 0.000000000000000000e+00
2.822974920272827148e-01 3.226674795150756836e+00 0.000000000000000000e+00
2.212675660848617554e-01 3.164273023605346680e+00 0.000000000000000000e+00
1.668993979692459106e-01 3.184629440307617188e+00 0.000000000000000000e+00
1.117831319570541382e-01 3.201048851013183594e+00 0.000000000000000000e+00
5.581283196806907654e-02 3.197512865066528320e+00 0.000000000000000000e+00
3.915650736985298863e-08 3.217999935150146484e+00 0.000000000000000000e+00
-5.609199404716491699e-02 3.213510513305664062e+00 0.000000000000000000e+00
-1.123763397336006165e-01 3.218038558959960938e+00 0.000000000000000000e+00
-1.693591177463531494e-01 3.231565237045288086e+00 0.000000000000000000e+00
-2.253133654594421387e-01 3.222131967544555664e+00 0.000000000000000000e+00
-2.844763100147247314e-01 3.251579523086547852e+00 0.000000000000000000e+00
-3.405536711215972900e-01 3.240152120590209961e+00 0.000000000000000000e+00
-3.986345827579498291e-01 3.246618270874023438e+00 0.000000000000000000e+00
-4.577402770519256592e-01 3.256991624832153320e+00 0.000000000000000000e+00
-5.220217704772949219e-01 3.295915842056274414e+00 0.000000000000000000e+00
-5.820686221122741699e-01 3.301075696945190430e+00 0.000000000000000000e+00
-6.376836299896240234e-01 3.280598163604736328e+00 0.000000000000000000e+00
-7.062759995460510254e-01 3.322767496109008789e+00 0.000000000000000000e+00
-7.794553637504577637e-01 3.376192092895507812e+00 0.000000000000000000e+00
-8.341466188430786133e-01 3.345579624176025391e+00 0.000000000000000000e+00
-8.799847364425659180e-01 3.284147977828979492e+00 0.000000000000000000e+00
-9.608718156814575195e-01 3.350958347320556641e+00 0.000000000000000000e+00
-1.978245615959167480e+00 9.648548960685729980e-01 0.000000000000000000e+00
-1.938592314720153809e+00 9.039804935455322266e-01 0.000000000000000000e+00
-1.248652458190917969e+00 -1.047743797302246094e+00 0.000000000000000000e+00
-1.219610810279846191e+00 -1.060191392898559570e+00 0.000000000000000000e+00
-1.171196222305297852e+00 -1.054549813270568848e+00 0.000000000000000000e+00
-1.154076099395751953e+00 -1.076193332672119141e+00 0.000000000000000000e+00
-1.134398937225341797e+00 -1.095476269721984863e+00 0.000000000000000000e+00
-1.104500889778137207e+00 -1.104500770568847656e+00 0.000000000000000000e+00
-1.054491400718688965e+00 -1.091957807540893555e+00 0.000000000000000000e+00
-1.029135465621948242e+00 -1.103612661361694336e+00 0.000000000000000000e+00
-1.003695964813232422e+00 -1.114717245101928711e+00 0.000000000000000000e+00
-9.686809182167053223e-01 -1.154428958892822266e+00 0.000000000000000000e+00
-7.870444655418395996e-01 -1.083273768424987793e+00 0.000000000000000000e+00
-4.729014933109283447e-01 -2.985781908035278320e+00 0.000000000000000000e+00
-4.022103846073150635e-01 -2.861874818801879883e+00 0.000000000000000000e+00
-3.536649346351623535e-01 -2.880368947982788086e+00 0.000000000000000000e+00
-3.041779398918151855e-01 -2.894058704376220703e+00 0.000000000000000000e+00
-2.533618509769439697e-01 -2.895938158035278320e+00 0.000000000000000000e+00
-2.024333924055099487e-01 -2.894930839538574219e+00 0.000000000000000000e+00
-1.509370058774948120e-01 -2.880047559738159180e+00 0.000000000000000000e+00
-1.000569611787796021e-01 -2.865253686904907227e+00 0.000000000000000000e+00
-4.743573814630508423e-02 -2.717586040496826172e+00 0.000000000000000000e+00
4.699290096759796143e-01 -2.967015743255615234e+00 0.000000000000000000e+00
5.334470868110656738e-01 -3.025329351425170898e+00 0.000000000000000000e+00
5.720452666282653809e-01 -2.942918300628662109e+00 0.000000000000000000e+00
6.328830718994140625e-01 -2.977481126785278320e+00 0.000000000000000000e+00
6.937489509582519531e-01 -3.004957437515258789e+00 0.000000000000000000e+00
7.494739294052124023e-01 -3.005976200103759766e+00 0.000000000000000000e+00
8.054447770118713379e-01 -3.005961179733276367e+00 0.000000000000000000e+00
1.174730062484741211e+00 -3.060276746749877930e+00 0.000000000000000000e+00
1.239198565483093262e+00 -3.067124366760253906e+00 0.000000000000000000e+00
1.304260373115539551e+00 -3.072645425796508789e+00 0.000000000000000000e+00
1.303252935409545898e+00 -2.451062679290771484e+00 0.000000000000000000e+00
1.408371806144714355e+00 -2.540770292282104492e+00 0.000000000000000000e+00
1.419499874114990234e+00 -2.458646059036254883e+00 0.000000000000000000e+00
1.468373537063598633e+00 -2.443783998489379883e+00 0.000000000000000000e+00
1.447739362716674805e+00 -2.316867589950561523e+00 0.000000000000000000e+00
1.443838000297546387e+00 -2.223315715789794922e+00 0.000000000000000000e+00
1.468440413475036621e+00 -2.177052736282348633e+00 0.000000000000000000e+00
1.467208504676818848e+00 -2.095391035079956055e+00 0.000000000000000000e+00
1.462997436523437500e+00 -2.013643503189086914e+00 0.000000000000000000e+00
1.478659391403198242e+00 -1.962247490882873535e+00 0.000000000000000000e+00
1.494825959205627441e+00 -1.913290143013000488e+00 0.000000000000000000e+00
1.475126981735229492e+00 -1.821630239486694336e+00 0.000000000000000000e+00
1.489981651306152344e+00 -1.775691151618957520e+00 0.000000000000000000e+00
1.501719117164611816e+00 -1.727530360221862793e+00 0.000000000000000000e+00
1.489484667778015137e+00 -1.654240489006042480e+00 0.000000000000000000e+00
1.506534337997436523e+00 -1.615560412406921387e+00 0.000000000000000000e+00
1.521996378898620605e+00 -1.576073527336120605e+00 0.000000000000000000e+00
1.529471993446350098e+00 -1.529472112655639648e+00 0.000000000000000000e+00
1.543703079223632812e+00 -1.490736842155456543e+00 0.000000000000000000e+00
1.539499521255493164e+00 -1.435606598854064941e+00 0.000000000000000000e+00
1.529392004013061523e+00 -1.377070903778076172e+00 0.000000000000000000e+00
1.559984564781188965e+00 -1.356073975563049316e+00 0.000000000000000000e+00
1.560432434082031250e+00 -1.309358358383178711e+00 0.000000000000000000e+00
1.555846214294433594e+00 -1.259899497032165527e+00 0.000000000000000000e+00
1.572081446647644043e+00 -1.228244662284851074e+00 0.000000000000000000e+00
1.563728213310241699e+00 -1.178353905677795410e+00 0.000000000000000000e+00
1.557357668876647949e+00 -1.131486654281616211e+00 0.000000000000000000e+00
1.578505992889404297e+00 -1.105281829833984375e+00 0.000000000000000000e+00
1.581803679466247559e+00 -1.066940069198608398e+00 0.000000000000000000e+00
1.589280605316162109e+00 -1.032091021537780762e+00 0.000000000000000000e+00
1.590938210487365723e+00 -9.941286444664001465e-01 0.000000000000000000e+00
1.599474191665649414e+00 -9.610611200332641602e-01 0.000000000000000000e+00
1.593486785888671875e+00 -9.200000762939453125e-01 0.000000000000000000e+00
1.618046402931213379e+00 -8.968978524208068848e-01 0.000000000000000000e+00
1.592837452888488770e+00 -8.469268083572387695e-01 0.000000000000000000e+00
1.606484651565551758e+00 -8.185449242591857910e-01 0.000000000000000000e+00
1.614234089851379395e+00 -7.873146533966064453e-01 0.000000000000000000e+00
1.620478272438049316e+00 -7.556415200233459473e-01 0.000000000000000000e+00
1.619716048240661621e+00 -7.211441397666931152e-01 0.000000000000000000e+00
1.630214095115661621e+00 -6.919848918914794922e-01 0.000000000000000000e+00
1.646678566932678223e+00 -6.653013825416564941e-01 0.000000000000000000e+00
1.634699344635009766e+00 -6.275023818016052246e-01 0.000000000000000000e+00
1.637884259223937988e+00 -5.961412191390991211e-01 0.000000000000000000e+00
1.629128575325012207e+00 -5.609540343284606934e-01 0.000000000000000000e+00
1.644376635551452637e+00 -5.342904329299926758e-01 0.000000000000000000e+00
1.629543304443359375e+00 -4.982014596462249756e-01 0.000000000000000000e+00
1.649525046348571777e+00 -4.729937613010406494e-01 0.000000000000000000e+00
1.613096117973327637e+00 -4.322278797626495361e-01 0.000000000000000000e+00
1.679581880569458008e+00 -4.187668561935424805e-01 0.000000000000000000e+00
1.679813981056213379e+00 -3.878156840801239014e-01 0.000000000000000000e+00
1.683391928672790527e+00 -3.578161001205444336e-01 0.000000000000000000e+00
1.664839625358581543e+00 -3.236121237277984619e-01 0.000000000000000000e+00
1.669249176979064941e+00 -2.943337559700012207e-01 0.000000000000000000e+00
1.641537904739379883e+00 -2.599941492080688477e-01 0.000000000000000000e+00
1.668601632118225098e+00 -2.345067411661148071e-01 0.000000000000000000e+00
1.664499878883361816e+00 -2.043749690055847168e-01 0.000000000000000000e+00
1.664829611778259277e+00 -1.749807298183441162e-01 0.000000000000000000e+00
1.675599575042724609e+00 -1.465960443019866943e-01 0.000000000000000000e+00
1.695858955383300781e+00 -1.185860931873321533e-01 0.000000000000000000e+00
1.714646935462951660e+00 -8.986092358827590942e-02 0.000000000000000000e+00
1.700963258743286133e+00 -5.939902737736701965e-02 0.000000000000000000e+00
1.722737669944763184e+00 -3.007058054208755493e-02 0.000000000000000000e+00
