1.634999990463256836e+00 0.000000000000000000e+00 0.000000000000000000e+00
1.606755256652832031e+00 2.804601751267910004e-02 0.000000000000000000e+00
1.536063671112060547e+00 5.364052578806877136e-02 0.000000000000000000e+00
1.620775818824768066e+00 8.494126051664352417e-02 0.000000000000000000e+00
1.521285176277160645e+00 1.063786223530769348e-01 0.000000000000000000e+00
1.601881146430969238e+00 1.401464343070983887e-01 0.000000000000000000e+00
1.595213055610656738e+00 1.676636487245559692e-01 0.000000000000000000e+00
1.597006678581237793e+00 1.960877627134323120e-01 0.000000000000000000e+00
1.624039649963378906e+00 2.282438874244689941e-01 0.000000000000000000e+00
1.620796561241149902e+00 2.567089498043060303e-01 0.000000000000000000e+00
1.627887248992919922e+00 2.870404422283172607e-01 0.000000000000000000e+00
1.502871274948120117e+00 2.921285629272460938e-01 0.000000000000000000e+00
1.592424273490905762e+00 3.384802341461181641e-01 0.000000000000000000e+00
1.623300552368164062e+00 3.747684657573699951e-01 0.000000000000000000e+00
1.574790000915527344e+00 3.926392495632171631e-01 0.000000000000000000e+00
1.578322768211364746e+00 4.229103028774261475e-01 0.000000000000000000e+00
1.572624206542968750e+00 4.509427249431610107e-01 0.000000000000000000e+00
1.608504652976989746e+00 4.917692244052886963e-01 0.000000000000000000e+00
1.596823930740356445e+00 5.188395380973815918e-01 0.000000000000000000e+00
1.577124953269958496e+00 5.430476665496826172e-01 0.000000000000000000e+00
1.603115558624267578e+00 5.834863781929016113e-01 0.000000000000000000e+00
1.597356081008911133e+00 6.131675243377685547e-01 0.000000000000000000e+00
1.564159154891967773e+00 6.319613456726074219e-01 0.000000000000000000e+00
1.600757956504821777e+00 6.794813871383666992e-01 0.000000000000000000e+00
1.563076257705688477e+00 6.959263682365417480e-01 0.000000000000000000e+00
1.594195365905761719e+00 7.433854937553405762e-01 0.000000000000000000e+00
1.616930484771728516e+00 7.886297106742858887e-01 0.000000000000000000e+00
1.603811740875244141e+00 8.171828985214233398e-01 0.000000000000000000e+00
1.614028215408325195e+00 8.581939935684204102e-01 0.000000000000000000e+00
1.604052543640136719e+00 8.891408443450927734e-01 0.000000000000000000e+00
1.606477141380310059e+00 9.275000095367431641e-01 0.000000000000000000e+00
1.601188540458679199e+00 9.620911478996276855e-01 0.000000000000000000e+00
1.591786265373229980e+00 9.946584105491638184e-01 0.000000000000000000e+00
1.588442087173461914e+00 1.031546354293823242e+00 0.000000000000000000e+00
1.564393877983093262e+00 1.055197000503540039e+00 0.000000000000000000e+00
1.574410319328308105e+00 1.102413892745971680e+00 0.000000000000000000e+00
1.565447807312011719e+00 1.137364387512207031e+00 0.000000000000000000e+00
1.570916056632995605e+00 1.183770179748535156e+00 0.000000000000000000e+00
1.509828567504882812e+00 1.179607391357421875e+00 0.000000000000000000e+00
1.443937182426452637e+00 1.169277310371398926e+00 0.000000000000000000e+00
1.394200921058654785e+00 1.169873476028442383e+00 0.000000000000000000e+00
1.338854789733886719e+00 1.163848757743835449e+00 0.000000000000000000e+00
1.305705428123474121e+00 1.175662398338317871e+00 0.000000000000000000e+00
1.298884153366088867e+00 1.211229085922241211e+00 0.000000000000000000e+00
1.304163098335266113e+00 1.259415626525878906e+00 0.000000000000000000e+00
1.301783561706542969e+00 1.301783561706542969e+00 0.000000000000000000e+00
1.304568409919738770e+00 1.350920200347900391e+00 0.000000000000000000e+00
1.299206852912902832e+00 1.393228769302368164e+00 0.000000000000000000e+00
1.299451708793640137e+00 1.443187236785888672e+00 0.000000000000000000e+00
1.297684788703918457e+00 1.492815613746643066e+00 0.000000000000000000e+00
1.308715581893920898e+00 1.559666514396667480e+00 0.000000000000000000e+00
1.290736198425292969e+00 1.593926429748535156e+00 0.000000000000000000e+00
1.282422780990600586e+00 1.641426324844360352e+00 0.000000000000000000e+00
1.293902397155761719e+00 1.717066407203674316e+00 0.000000000000000000e+00
1.289013147354125977e+00 1.774174332618713379e+00 0.000000000000000000e+00
1.275634050369262695e+00 1.821794152259826660e+00 0.000000000000000000e+00
1.538339614868164062e+00 2.280682325363159180e+00 0.000000000000000000e+00
1.552221179008483887e+00 2.390211105346679688e+00 0.000000000000000000e+00
1.557990193367004395e+00 2.592931270599365234e+00 0.000000000000000000e+00
1.544499993324279785e+00 2.675152540206909180e+00 0.000000000000000000e+00
1.419917583465576172e+00 3.189187049865722656e+00 0.000000000000000000e+00
1.360135078430175781e+00 3.204277276992797852e+00 0.000000000000000000e+00
7.421135902404785156e-01 3.214446783065795898e+00 0.000000000000000000e+00
6.850690841674804688e-01 3.222996473312377930e+00 0.000000000000000000e+00
6.098256111145019531e-01 3.137280464172363281e+00 0.000000000000000000e+00
5.568897724151611328e-01 3.158278465270996094e+00 0.000000000000000000e+00
5.041882991790771484e-01 3.183319568634033203e+00 0.000000000000000000e+00
4.438230395317077637e-01 3.157964706420898438e+00 0.000000000000000000e+00
3.877882659435272217e-01 3.158281803131103516e+00 0.000000000000000000e+00
3.285329937934875488e-01 3.125782251358032227e+00 0.000000000000000000e+00
2.361920922994613647e-01 2.699687719345092773e+00 0.000000000000000000e+00
1.962249875068664551e-01 2.806147575378417969e+00 0.000000000000000000e+00
1.405220776796340942e-01 2.681320190429687500e+00 0.000000000000000000e+00
9.147161245346069336e-02 2.619403362274169922e+00 0.000000000000000000e+00
4.684229195117950439e-02 2.683591127395629883e+00 0.000000000000000000e+00
3.142985249837693118e-08 2.582999944686889648e+00 0.000000000000000000e+00
-4.541112855076789856e-02 2.601603746414184570e+00 0.000000000000000000e+00
-1.087467893958091736e-01 3.114101648330688477e+00 0.000000000000000000e+00
-1.697254627943038940e-01 3.238555669784545898e+00 0.000000000000000000e+00
-2.188957780599594116e-01 3.130356073379516602e+00 0.000000000000000000e+00
-2.741919159889221191e-01 3.134028434753417969e+00 0.000000000000000000e+00
-3.292646408081054688e-01 3.132744073867797852e+00 0.000000000000000000e+00
-3.837665021419525146e-01 3.125527858734130859e+00 0.000000000000000000e+00
-4.378385245800018311e-01 3.115383148193359375e+00 0.000000000000000000e+00
-4.943328797817230225e-01 3.121095180511474609e+00 0.000000000000000000e+00
-5.681768059730529785e-01 3.222290992736816406e+00 0.000000000000000000e+00
-1.470234155654907227e+00 1.951066613197326660e+00 0.000000000000000000e+00
-1.474509239196777344e+00 1.887285709381103516e+00 0.000000000000000000e+00
-1.470721602439880371e+00 1.816190004348754883e+00 0.000000000000000000e+00
-1.478411436080932617e+00 1.761902213096618652e+00 0.000000000000000000e+00
-1.499094963073730469e+00 1.724511504173278809e+00 0.000000000000000000e+00
-1.530970811843872070e+00 1.700315475463867188e+00 0.000000000000000000e+00
-1.559048175811767578e+00 1.671874642372131348e+00 0.000000000000000000e+00
-1.600492835044860840e+00 1.657358884811401367e+00 0.000000000000000000e+00
-1.644730329513549805e+00 1.644730329513549805e+00 0.000000000000000000e+00
-3.104227542877197266e+00 1.382091164588928223e+00 0.000000000000000000e+00
-1.754755020141601562e+00 2.466147691011428833e-01 0.000000000000000000e+00
-1.701224088668823242e+00 2.088840901851654053e-01 0.000000000000000000e+00
-1.733451724052429199e+00 1.821931600570678711e-01 0.000000000000000000e+00
-1.750313997268676758e+00 1.531326770782470703e-01 0.000000000000000000e+00
-1.671917319297790527e+00 1.169118881225585938e-01 0.000000000000000000e+00
-1.702663421630859375e+00 8.923284709453582764e-02 0.000000000000000000e+00
-1.861999988555908203e+00 4.531349873104772996e-08 0.000000000000000000e+00
-1.213568210601806641e+00 -1.256686568260192871e+00 0.000000000000000000e+00
-1.151213288307189941e+00 -1.234524965286254883e+00 0.000000000000000000e+00
-1.126816034317016602e+00 -1.251455903053283691e+00 0.000000000000000000e+00
-1.106771588325500488e+00 -1.273195028305053711e+00 0.000000000000000000e+00
-1.072169780731201172e+00 -1.277762055397033691e+00 0.000000000000000000e+00
-1.040895938873291016e+00 -1.285399436950683594e+00 0.000000000000000000e+00
-9.992186427116394043e-01 -1.278941392898559570e+00 0.000000000000000000e+00
-9.671167731285095215e-01 -1.283407211303710938e+00 0.000000000000000000e+00
-9.339907765388488770e-01 -1.285527944564819336e+00 0.000000000000000000e+00
-8.993678689002990723e-01 -1.284430384635925293e+00 0.000000000000000000e+00
-9.014189839363098145e-01 -1.336408495903015137e+00 0.000000000000000000e+00
-8.637975454330444336e-01 -1.330131411552429199e+00 0.000000000000000000e+00
-8.208450078964233398e-01 -1.313626527786254883e+00 0.000000000000000000e+00
-7.818278670310974121e-01 -1.301179885864257812e+00 0.000000000000000000e+00
-1.514045834541320801e+00 -2.847505807876586914e+00 0.000000000000000000e+00
-1.469113349914550781e+00 -2.883297204971313477e+00 0.000000000000000000e+00
-1.097884774208068848e+00 -3.016413211822509766e+00 0.000000000000000000e+00
-1.018377304077148438e+00 -2.957581996917724609e+00 0.000000000000000000e+00
-9.768028259277343750e-01 -3.006289720535278320e+00 0.000000000000000000e+00
-9.224328398704528809e-01 -3.017141342163085938e+00 0.000000000000000000e+00
-8.506169915199279785e-01 -2.966453552246093750e+00 0.000000000000000000e+00
-7.976803779602050781e-01 -2.976983308792114258e+00 0.000000000000000000e+00
-6.577569842338562012e-01 -2.849058151245117188e+00 0.000000000000000000e+00
-6.123000383377075195e-01 -2.880644559860229492e+00 0.000000000000000000e+00
-2.145710289478302002e-01 -3.068506956100463867e+00 0.000000000000000000e+00
-1.558042466640472412e-01 -2.972920179367065430e+00 0.000000000000000000e+00
-1.033026203513145447e-01 -2.958196878433227539e+00 0.000000000000000000e+00
-5.157196894288063049e-02 -2.954549789428710938e+00 0.000000000000000000e+00
-1.085990817273341236e-07 -2.974999904632568359e+00 0.000000000000000000e+00
5.171137303113937378e-02 -2.962548732757568359e+00 0.000000000000000000e+00
1.032325997948646545e-01 -2.956197977066040039e+00 0.000000000000000000e+00
1.555946916341781616e-01 -2.968925714492797852e+00 0.000000000000000000e+00
2.071766257286071777e-01 -2.962765216827392578e+00 0.000000000000000000e+00
4.672696292400360107e-01 -2.950225114822387695e+00 0.000000000000000000e+00
6.379610896110534668e-01 -2.763313531875610352e+00 0.000000000000000000e+00
7.419742941856384277e-01 -2.975896835327148438e+00 0.000000000000000000e+00
8.409029841423034668e-01 -3.138293027877807617e+00 0.000000000000000000e+00
8.696357607841491699e-01 -3.032780647277832031e+00 0.000000000000000000e+00
9.116148948669433594e-01 -2.981758356094360352e+00 0.000000000000000000e+00
9.557894468307495117e-01 -2.941617727279663086e+00 0.000000000000000000e+00
1.039213418960571289e+00 -3.018095254898071289e+00 0.000000000000000000e+00
1.094122290611267090e+00 -3.006076574325561523e+00 0.000000000000000000e+00
1.125633597373962402e+00 -2.932376146316528320e+00 0.000000000000000000e+00
1.504978418350219727e+00 -2.953686714172363281e+00 0.000000000000000000e+00
1.544561266899108887e+00 -2.904897689819335938e+00 0.000000000000000000e+00
1.697999835014343262e+00 -2.941022157669067383e+00 0.000000000000000000e+00
1.657587409019470215e+00 -2.652694463729858398e+00 0.000000000000000000e+00
1.643720388412475586e+00 -2.531107664108276367e+00 0.000000000000000000e+00
1.618863344192504883e+00 -2.400063753128051758e+00 0.000000000000000000e+00
1.639281392097473145e+00 -2.341136693954467773e+00 0.000000000000000000e+00
1.622287154197692871e+00 -2.232887029647827148e+00 0.000000000000000000e+00
1.633325934410095215e+00 -2.167496919631958008e+00 0.000000000000000000e+00
1.639506459236145020e+00 -2.098472833633422852e+00 0.000000000000000000e+00
1.602878928184509277e+00 -1.979390740394592285e+00 0.000000000000000000e+00
1.615967988967895508e+00 -1.925835728645324707e+00 0.000000000000000000e+00
1.600127816200256348e+00 -1.840736627578735352e+00 0.000000000000000000e+00
1.618626832962036133e+00 -1.797667384147644043e+00 0.000000000000000000e+00
1.610880017280578613e+00 -1.727457523345947266e+00 0.000000000000000000e+00
1.620637893676757812e+00 -1.678219795227050781e+00 0.000000000000000000e+00
1.606546640396118164e+00 -1.606546759605407715e+00 0.000000000000000000e+00
1.630023956298828125e+00 -1.574095964431762695e+00 0.000000000000000000e+00
1.636038184165954590e+00 -1.525630354881286621e+00 0.000000000000000000e+00
1.612624287605285645e+00 -1.452013492584228516e+00 0.000000000000000000e+00
1.606776595115661621e+00 -1.396749734878540039e+00 0.000000000000000000e+00
1.619417905807495117e+00 -1.358853101730346680e+00 0.000000000000000000e+00
1.609469294548034668e+00 -1.303322672843933105e+00 0.000000000000000000e+00
1.611482024192810059e+00 -1.259027838706970215e+00 0.000000000000000000e+00
1.630813717842102051e+00 -1.228906393051147461e+00 0.000000000000000000e+00
1.606707692146301270e+00 -1.167341589927673340e+00 0.000000000000000000e+00
1.613729476928710938e+00 -1.129945635795593262e+00 0.000000000000000000e+00
1.616623282432556152e+00 -1.090426206588745117e+00 0.000000000000000000e+00
1.620311498641967773e+00 -1.052242755889892578e+00 0.000000000000000000e+00
1.651149630546569824e+00 -1.031752943992614746e+00 0.000000000000000000e+00
1.576330661773681641e+00 -9.471550583839416504e-01 0.000000000000000000e+00
1.632457852363586426e+00 -9.425000548362731934e-01 0.000000000000000000e+00
1.628541827201843262e+00 -9.027155637741088867e-01 0.000000000000000000e+00
1.608730554580688477e+00 -8.553772568702697754e-01 0.000000000000000000e+00
1.618067741394042969e+00 -8.244467973709106445e-01 0.000000000000000000e+00
1.620525598526000977e+00 -7.903832197189331055e-01 0.000000000000000000e+00
1.615040421485900879e+00 -7.531058192253112793e-01 0.000000000000000000e+00
1.607839941978454590e+00 -7.158565521240234375e-01 0.000000000000000000e+00
1.615486025810241699e+00 -6.857331991195678711e-01 0.000000000000000000e+00
1.613299846649169922e+00 -6.518155336380004883e-01 0.000000000000000000e+00
1.626297116279602051e+00 -6.242770552635192871e-01 0.000000000000000000e+00
1.610633134841918945e+00 -5.862225890159606934e-01 0.000000000000000000e+00
1.621564388275146484e+00 -5.583494901657104492e-01 0.000000000000000000e+00
1.585411190986633301e+00 -5.151314139366149902e-01 0.000000000000000000e+00
1.574077606201171875e+00 -4.812439084053039551e-01 0.000000000000000000e+00
1.596655726432800293e+00 -4.578337371349334717e-01 0.000000000000000000e+00
1.607300639152526855e+00 -4.306749701499938965e-01 0.000000000000000000e+00
1.600017666816711426e+00 -3.989292979240417480e-01 0.000000000000000000e+00
1.616479992866516113e+00 -3.731938898563385010e-01 0.000000000000000000e+00
1.620790481567382812e+00 -3.445097506046295166e-01 0.000000000000000000e+00
1.644225478172302246e+00 -3.196051418781280518e-01 0.000000000000000000e+00
1.620008707046508789e+00 -2.856513261795043945e-01 0.000000000000000000e+00
1.574375152587890625e+00 -2.493566125631332397e-01 0.000000000000000000e+00
1.629981279373168945e+00 -2.290790081024169922e-01 0.000000000000000000e+00
1.619835257530212402e+00 -1.988908350467681885e-01 0.000000000000000000e+00
1.638972043991088867e+00 -1.722629815340042114e-01 0.000000000000000000e+00
1.627782106399536133e+00 -1.424125581979751587e-01 0.000000000000000000e+00
1.629022121429443359e+00 -1.139124035835266113e-01 0.000000000000000000e+00
1.606794834136962891e+00 -8.420863002538681030e-02 0.000000000000000000e+00
1.637002229690551758e+00 -5.716545507311820984e-02 0.000000000000000000e+00
1.509770035743713379e+00 -2.635320648550987244e-02 0.000000000000000000e+00
