1.562000036239624023e+00 0.000000000000000000e+00 0.000000000000000000e+00
1.570760726928710938e+00 2.741773054003715515e-02 0.000000000000000000e+00
1.573041200637817383e+00 5.493180826306343079e-02 0.000000000000000000e+00
1.554866194725036621e+00 8.148708194494247437e-02 0.000000000000000000e+00
1.582136511802673340e+00 1.106337606906890869e-01 0.000000000000000000e+00
1.566018104553222656e+00 1.370088309049606323e-01 0.000000000000000000e+00
1.552448630332946777e+00 1.631689220666885376e-01 0.000000000000000000e+00
1.542416691780090332e+00 1.893849670886993408e-01 0.000000000000000000e+00
1.590370416641235352e+00 2.235119938850402832e-01 0.000000000000000000e+00
1.555609226226806641e+00 2.463842928409576416e-01 0.000000000000000000e+00
1.557965874671936035e+00 2.747114300727844238e-01 0.000000000000000000e+00
1.515632390975952148e+00 2.946090996265411377e-01 0.000000000000000000e+00
1.509281754493713379e+00 3.208077251911163330e-01 0.000000000000000000e+00
1.566787123680114746e+00 3.617213070392608643e-01 0.000000000000000000e+00
1.547621726989746094e+00 3.858654201030731201e-01 0.000000000000000000e+00
1.514571666717529297e+00 4.058282375335693359e-01 0.000000000000000000e+00
1.538018703460693359e+00 4.410197734832763672e-01 0.000000000000000000e+00
1.529131293296813965e+00 4.675023555755615234e-01 0.000000000000000000e+00
1.559732675552368164e+00 5.067878365516662598e-01 0.000000000000000000e+00
1.521339416503906250e+00 5.238391757011413574e-01 0.000000000000000000e+00
1.507732391357421875e+00 5.787642598152160645e-01 0.000000000000000000e+00
1.470513582229614258e+00 5.941260457038879395e-01 0.000000000000000000e+00
1.529878973960876465e+00 6.493951082229614258e-01 0.000000000000000000e+00
1.519226074218750000e+00 6.764030456542968750e-01 0.000000000000000000e+00
1.487251162528991699e+00 6.935165524482727051e-01 0.000000000000000000e+00
1.491998076438903809e+00 7.276960611343383789e-01 0.000000000000000000e+00
1.491544961929321289e+00 7.599800825119018555e-01 0.000000000000000000e+00
1.467458844184875488e+00 7.802616953849792480e-01 0.000000000000000000e+00
1.461489558219909668e+00 8.101168870925903320e-01 0.000000000000000000e+00
1.435870170593261719e+00 8.289999961853027344e-01 0.000000000000000000e+00
1.477756381034851074e+00 8.879256248474121094e-01 0.000000000000000000e+00
1.467971205711364746e+00 9.172902107238769531e-01 0.000000000000000000e+00
1.432449340820312500e+00 9.302434325218200684e-01 0.000000000000000000e+00
1.438380241394042969e+00 9.701997041702270508e-01 0.000000000000000000e+00
1.433516025543212891e+00 1.003758788108825684e+00 0.000000000000000000e+00
1.427914977073669434e+00 1.037440896034240723e+00 0.000000000000000000e+00
1.431953430175781250e+00 1.079054355621337891e+00 0.000000000000000000e+00
1.413691282272338867e+00 1.104496717453002930e+00 0.000000000000000000e+00
1.417514204978942871e+00 1.147880434989929199e+00 0.000000000000000000e+00
1.404925465583801270e+00 1.178872466087341309e+00 0.000000000000000000e+00
1.418853998184204102e+00 1.233390927314758301e+00 0.000000000000000000e+00
1.412718296051025391e+00 1.272017240524291992e+00 0.000000000000000000e+00
1.383721232414245605e+00 1.290340900421142578e+00 0.000000000000000000e+00
1.396238565444946289e+00 1.348331928253173828e+00 0.000000000000000000e+00
1.342088699340820312e+00 1.342088699340820312e+00 0.000000000000000000e+00
1.289285898208618164e+00 1.335094571113586426e+00 0.000000000000000000e+00
1.220777034759521484e+00 1.309123039245605469e+00 0.000000000000000000e+00
1.179677248001098633e+00 1.310164332389831543e+00 0.000000000000000000e+00
1.129733681678771973e+00 1.299609899520874023e+00 0.000000000000000000e+00
1.122949957847595215e+00 1.338279604911804199e+00 0.000000000000000000e+00
1.117673039436340332e+00 1.380211234092712402e+00 0.000000000000000000e+00
1.095261812210083008e+00 1.401871204376220703e+00 0.000000000000000000e+00
1.091090679168701172e+00 1.447926163673400879e+00 0.000000000000000000e+00
1.089166164398193359e+00 1.499108552932739258e+00 0.000000000000000000e+00
1.073161602020263672e+00 1.532633543014526367e+00 0.000000000000000000e+00
1.068058490753173828e+00 1.583461761474609375e+00 0.000000000000000000e+00
1.062046170234680176e+00 1.635407686233520508e+00 0.000000000000000000e+00
1.055069327354431152e+00 1.688463807106018066e+00 0.000000000000000000e+00
1.048617482185363770e+00 1.745192646980285645e+00 0.000000000000000000e+00
1.024999976158142090e+00 1.775352001190185547e+00 0.000000000000000000e+00
1.024887561798095703e+00 1.848946094512939453e+00 0.000000000000000000e+00
1.011241793632507324e+00 1.901869177818298340e+00 0.000000000000000000e+00
9.942392110824584961e-01 1.951304316520690918e+00 0.000000000000000000e+00
1.149921774864196777e+00 2.709045886993408203e+00 0.000000000000000000e+00
1.129064321517944336e+00 2.794532060623168945e+00 0.000000000000000000e+00
9.633525609970092773e-01 3.359609603881835938e+00 0.000000000000000000e+00
8.750672340393066406e-01 3.265795230865478516e+00 0.000000000000000000e+00
2.837791442871093750e-01 3.243609905242919922e+00 0.000000000000000000e+00
2.258714884519577026e-01 3.230112314224243164e+00 0.000000000000000000e+00
1.750114858150482178e-01 3.339417219161987305e+00 0.000000000000000000e+00
1.140515878796577454e-01 3.266009092330932617e+00 0.000000000000000000e+00
5.553359538316726685e-02 3.181515216827392578e+00 0.000000000000000000e+00
3.787887337125539489e-08 3.112999916076660156e+00 0.000000000000000000e+00
-5.467835068702697754e-02 3.132522821426391602e+00 0.000000000000000000e+00
-1.097937747836112976e-01 3.144083499908447266e+00 0.000000000000000000e+00
-1.641255170106887817e-01 3.131702184677124023e+00 0.000000000000000000e+00
-2.162450253963470459e-01 3.092448472976684570e+00 0.000000000000000000e+00
-2.693983614444732666e-01 3.079237937927246094e+00 0.000000000000000000e+00
-3.248744308948516846e-01 3.090974092483520508e+00 0.000000000000000000e+00
-3.753575384616851807e-01 3.057042121887207031e+00 0.000000000000000000e+00
-4.255913197994232178e-01 3.028239965438842773e+00 0.000000000000000000e+00
-4.811923801898956299e-01 3.038129329681396484e+00 0.000000000000000000e+00
-5.357046127319335938e-01 3.038131952285766602e+00 0.000000000000000000e+00
-5.947515964508056641e-01 3.059731960296630859e+00 0.000000000000000000e+00
-6.434866189956665039e-01 3.027366876602172852e+00 0.000000000000000000e+00
-6.946488022804260254e-01 3.008854866027832031e+00 0.000000000000000000e+00
-1.394217610359191895e+00 2.989909410476684570e+00 0.000000000000000000e+00
-1.393581748008728027e+00 2.857266187667846680e+00 0.000000000000000000e+00
-1.487272858619689941e+00 2.918937444686889648e+00 0.000000000000000000e+00
-1.553950786590576172e+00 2.922556400299072266e+00 0.000000000000000000e+00
-1.643019676208496094e+00 2.964086055755615234e+00 0.000000000000000000e+00
-1.682999968528747559e+00 2.915041446685791016e+00 0.000000000000000000e+00
-1.761945247650146484e+00 2.932369470596313477e+00 0.000000000000000000e+00
-1.839879631996154785e+00 2.944422960281372070e+00 0.000000000000000000e+00
-1.886629581451416016e+00 2.905154943466186523e+00 0.000000000000000000e+00
-1.055172920227050781e+00 6.340118646621704102e-01 0.000000000000000000e+00
-2.308285474777221680e+00 2.426106333732604980e-01 0.000000000000000000e+00
-2.167719841003417969e+00 1.896509528160095215e-01 0.000000000000000000e+00
-1.158080339431762695e+00 -3.181799173355102539e+00 0.000000000000000000e+00
-1.070793747901916504e+00 -3.109810590744018555e+00 0.000000000000000000e+00
-5.582789778709411621e-01 -3.166156768798828125e+00 0.000000000000000000e+00
-4.954280555248260498e-01 -3.128009080886840820e+00 0.000000000000000000e+00
-4.427097439765930176e-01 -3.150042772293090820e+00 0.000000000000000000e+00
-2.180588394403457642e-01 -3.118385076522827148e+00 0.000000000000000000e+00
1.565367281436920166e-01 -2.986900806427001953e+00 0.000000000000000000e+00
2.091995626688003540e-01 -2.991694688796997070e+00 0.000000000000000000e+00
2.606827020645141602e-01 -2.979618310928344727e+00 0.000000000000000000e+00
3.133762180805206299e-01 -2.981576442718505859e+00 0.000000000000000000e+00
3.664610087871551514e-01 -2.984586238861083984e+00 0.000000000000000000e+00
4.157099425792694092e-01 -2.957930803298950195e+00 0.000000000000000000e+00
4.649231135845184326e-01 -2.935409545898437500e+00 0.000000000000000000e+00
5.209444165229797363e-01 -2.954423189163208008e+00 0.000000000000000000e+00
5.733809471130371094e-01 -2.949789762496948242e+00 0.000000000000000000e+00
1.052737951278686523e+00 -2.892374038696289062e+00 0.000000000000000000e+00
1.090155243873596191e+00 -2.839951753616333008e+00 0.000000000000000000e+00
1.145546913146972656e+00 -2.835328340530395508e+00 0.000000000000000000e+00
1.202670335769653320e+00 -2.833313941955566406e+00 0.000000000000000000e+00
1.258849859237670898e+00 -2.827423334121704102e+00 0.000000000000000000e+00
1.316033244132995605e+00 -2.822242498397827148e+00 0.000000000000000000e+00
1.375608563423156738e+00 -2.820415735244750977e+00 0.000000000000000000e+00
1.415996193885803223e+00 -2.779049396514892578e+00 0.000000000000000000e+00
1.475079536437988281e+00 -2.774221420288085938e+00 0.000000000000000000e+00
1.547027349472045898e+00 -2.790911436080932617e+00 0.000000000000000000e+00
1.592499852180480957e+00 -2.758291006088256836e+00 0.000000000000000000e+00
1.661512732505798340e+00 -2.765221834182739258e+00 0.000000000000000000e+00
1.719587802886962891e+00 -2.751915931701660156e+00 0.000000000000000000e+00
1.807112216949462891e+00 -2.782709121704101562e+00 0.000000000000000000e+00
1.853724360466003418e+00 -2.748259782791137695e+00 0.000000000000000000e+00
1.947291851043701172e+00 -2.781021356582641602e+00 0.000000000000000000e+00
1.973195075988769531e+00 -2.715870141983032227e+00 0.000000000000000000e+00
2.008858442306518555e+00 -2.665845394134521484e+00 0.000000000000000000e+00
1.984892487525939941e+00 -2.540546655654907227e+00 0.000000000000000000e+00
1.947117209434509277e+00 -2.404489755630493164e+00 0.000000000000000000e+00
1.938004612922668457e+00 -2.309624195098876953e+00 0.000000000000000000e+00
1.901914954185485840e+00 -2.187903165817260742e+00 0.000000000000000000e+00
1.905014634132385254e+00 -2.115733385086059570e+00 0.000000000000000000e+00
1.880269408226013184e+00 -2.016342163085937500e+00 0.000000000000000000e+00
1.842928647994995117e+00 -1.908408641815185547e+00 0.000000000000000000e+00
1.854033827781677246e+00 -1.854034066200256348e+00 0.000000000000000000e+00
1.836474418640136719e+00 -1.773462891578674316e+00 0.000000000000000000e+00
1.844473958015441895e+00 -1.720000028610229492e+00 0.000000000000000000e+00
1.820704817771911621e+00 -1.639370083808898926e+00 0.000000000000000000e+00
1.806774735450744629e+00 -1.570605397224426270e+00 0.000000000000000000e+00
1.784883379936218262e+00 -1.497695207595825195e+00 0.000000000000000000e+00
1.792098522186279297e+00 -1.451212882995605469e+00 0.000000000000000000e+00
1.801392555236816406e+00 -1.407402276992797852e+00 0.000000000000000000e+00
1.796929836273193359e+00 -1.354083895683288574e+00 0.000000000000000000e+00
1.791972517967224121e+00 -1.301944375038146973e+00 0.000000000000000000e+00
1.795581102371215820e+00 -1.257279634475708008e+00 0.000000000000000000e+00
1.773311257362365723e+00 -1.196113705635070801e+00 0.000000000000000000e+00
1.777142882347106934e+00 -1.154090166091918945e+00 0.000000000000000000e+00
1.746130943298339844e+00 -1.091103792190551758e+00 0.000000000000000000e+00
1.787193775177001953e+00 -1.073854446411132812e+00 0.000000000000000000e+00
1.714730262756347656e+00 -9.900000691413879395e-01 0.000000000000000000e+00
1.726499199867248535e+00 -9.570142626762390137e-01 0.000000000000000000e+00
1.725279569625854492e+00 -9.173474907875061035e-01 0.000000000000000000e+00
1.730334639549255371e+00 -8.816496133804321289e-01 0.000000000000000000e+00
1.703214645385742188e+00 -8.307133913040161133e-01 0.000000000000000000e+00
1.704764962196350098e+00 -7.949450612068176270e-01 0.000000000000000000e+00
1.700108051300048828e+00 -7.569369673728942871e-01 0.000000000000000000e+00
1.708456873893737793e+00 -7.251970171928405762e-01 0.000000000000000000e+00
1.703236699104309082e+00 -6.881523728370666504e-01 0.000000000000000000e+00
1.673909664154052734e+00 -6.425538063049316406e-01 0.000000000000000000e+00
1.684868812561035156e+00 -6.132422089576721191e-01 0.000000000000000000e+00
1.693423748016357422e+00 -5.830926299095153809e-01 0.000000000000000000e+00
1.712852716445922852e+00 -5.565397143363952637e-01 0.000000000000000000e+00
1.648669362068176270e+00 -5.040488839149475098e-01 0.000000000000000000e+00
1.626454830169677734e+00 -4.663784801959991455e-01 0.000000000000000000e+00
1.672983527183532715e+00 -4.482746720314025879e-01 0.000000000000000000e+00
1.633007645606994629e+00 -4.071546196937561035e-01 0.000000000000000000e+00
1.653506040573120117e+00 -3.817420303821563721e-01 0.000000000000000000e+00
1.633506417274475098e+00 -3.472125828266143799e-01 0.000000000000000000e+00
1.652078509330749512e+00 -3.211316168308258057e-01 0.000000000000000000e+00
1.625917553901672363e+00 -2.866932153701782227e-01 0.000000000000000000e+00
1.649439454078674316e+00 -2.612456381320953369e-01 0.000000000000000000e+00
1.622059106826782227e+00 -2.279656231403350830e-01 0.000000000000000000e+00
1.621820330619812012e+00 -1.991345733404159546e-01 0.000000000000000000e+00
1.634994029998779297e+00 -1.718448847532272339e-01 0.000000000000000000e+00
1.621804952621459961e+00 -1.418896317481994629e-01 0.000000000000000000e+00
1.612063527107238770e+00 -1.127265393733978271e-01 0.000000000000000000e+00
1.610789418220520020e+00 -8.441797643899917603e-02 0.000000000000000000e+00
1.592029690742492676e+00 -5.559497699141502380e-02 0.000000000000000000e+00
1.610754609107971191e+00 -2.811590395867824554e-02 0.000000000000000000e+00
