1.667999982833862305e+00 0.000000000000000000e+00 0.000000000000000000e+00
1.694741845130920410e+00 2.958182990550994873e-02 0.000000000000000000e+00
1.695966243743896484e+00 5.922444537281990051e-02 0.000000000000000000e+00
1.685686588287353516e+00 8.834309130907058716e-02 0.000000000000000000e+00
1.703839302062988281e+00 1.191440522670745850e-01 0.000000000000000000e+00
1.718435883522033691e+00 1.503436565399169922e-01 0.000000000000000000e+00
1.710577726364135742e+00 1.797889620065689087e-01 0.000000000000000000e+00
1.712142109870910645e+00 2.102246135473251343e-01 0.000000000000000000e+00
1.693358421325683594e+00 2.379860132932662964e-01 0.000000000000000000e+00
1.643513441085815430e+00 2.603069543838500977e-01 0.000000000000000000e+00
1.638720154762268066e+00 2.889505624771118164e-01 0.000000000000000000e+00
1.672692775726318359e+00 3.251385390758514404e-01 0.000000000000000000e+00
1.644266128540039062e+00 3.494995534420013428e-01 0.000000000000000000e+00
1.637916088104248047e+00 3.781427145004272461e-01 0.000000000000000000e+00
1.645621538162231445e+00 4.102995395660400391e-01 0.000000000000000000e+00
1.659460663795471191e+00 4.446511268615722656e-01 0.000000000000000000e+00
1.637028574943542480e+00 4.694103896617889404e-01 0.000000000000000000e+00
1.647713184356689453e+00 5.037564635276794434e-01 0.000000000000000000e+00
1.668153047561645508e+00 5.420157909393310547e-01 0.000000000000000000e+00
1.539304256439208984e+00 5.300249457359313965e-01 0.000000000000000000e+00
1.661376595497131348e+00 6.046916246414184570e-01 0.000000000000000000e+00
1.599223375320434570e+00 6.138843297958374023e-01 0.000000000000000000e+00
1.644824147224426270e+00 6.645520925521850586e-01 0.000000000000000000e+00
1.552891731262207031e+00 6.591634154319763184e-01 0.000000000000000000e+00
1.631592154502868652e+00 7.264316678047180176e-01 0.000000000000000000e+00
1.634979248046875000e+00 7.624033689498901367e-01 0.000000000000000000e+00
1.588169097900390625e+00 7.746018171310424805e-01 0.000000000000000000e+00
1.651926040649414062e+00 8.416983485221862793e-01 0.000000000000000000e+00
1.606081724166870117e+00 8.539687991142272949e-01 0.000000000000000000e+00
1.596181035041809082e+00 8.847775459289550781e-01 0.000000000000000000e+00
1.628127813339233398e+00 9.399999976158142090e-01 0.000000000000000000e+00
1.589188098907470703e+00 9.548805952072143555e-01 0.000000000000000000e+00
1.617227673530578613e+00 1.010555982589721680e+00 0.000000000000000000e+00
1.601022124290466309e+00 1.039715886116027832e+00 0.000000000000000000e+00
1.605016708374023438e+00 1.082597494125366211e+00 0.000000000000000000e+00
1.580144286155700684e+00 1.106428980827331543e+00 0.000000000000000000e+00
1.585673332214355469e+00 1.152059078216552734e+00 0.000000000000000000e+00
1.596472382545471191e+00 1.203028202056884766e+00 0.000000000000000000e+00
1.582325577735900879e+00 1.236248135566711426e+00 0.000000000000000000e+00
1.592372059822082520e+00 1.289477467536926270e+00 0.000000000000000000e+00
1.568092942237854004e+00 1.315786242485046387e+00 0.000000000000000000e+00
1.498098492622375488e+00 1.302277207374572754e+00 0.000000000000000000e+00
1.445416688919067383e+00 1.301459074020385742e+00 0.000000000000000000e+00
1.416632175445556641e+00 1.321030855178833008e+00 0.000000000000000000e+00
1.358832955360412598e+00 1.312209725379943848e+00 0.000000000000000000e+00
1.298248052597045898e+00 1.298248052597045898e+00 0.000000000000000000e+00
1.296232581138610840e+00 1.342288136482238770e+00 0.000000000000000000e+00
1.295114874839782715e+00 1.388840675354003906e+00 0.000000000000000000e+00
1.296775102615356445e+00 1.440214633941650391e+00 0.000000000000000000e+00
1.293748378753662109e+00 1.488287329673767090e+00 0.000000000000000000e+00
1.286217927932739258e+00 1.532854914665222168e+00 0.000000000000000000e+00
1.260528802871704102e+00 1.556623339653015137e+00 0.000000000000000000e+00
1.272572278976440430e+00 1.628818154335021973e+00 0.000000000000000000e+00
1.262006044387817383e+00 1.674738526344299316e+00 0.000000000000000000e+00
1.259623765945434570e+00 1.733723282814025879e+00 0.000000000000000000e+00
1.256705999374389648e+00 1.794762134552001953e+00 0.000000000000000000e+00
1.250914573669433594e+00 1.854557037353515625e+00 0.000000000000000000e+00
1.252669811248779297e+00 1.928942203521728516e+00 0.000000000000000000e+00
1.244780302047729492e+00 1.992064952850341797e+00 0.000000000000000000e+00
1.501850962638854980e+00 2.499499797821044922e+00 0.000000000000000000e+00
1.506534337997436523e+00 2.833378791809082031e+00 0.000000000000000000e+00
1.047949671745300293e+00 2.879218101501464844e+00 0.000000000000000000e+00
5.713025331497192383e-01 3.240017414093017578e+00 0.000000000000000000e+00
5.154516100883483887e-01 3.254433155059814453e+00 0.000000000000000000e+00
4.513384103775024414e-01 3.211439371109008789e+00 0.000000000000000000e+00
3.908350169658660889e-01 3.183095455169677734e+00 0.000000000000000000e+00
3.375224471092224121e-01 3.211311340332031250e+00 0.000000000000000000e+00
2.782011628150939941e-01 3.179853439331054688e+00 0.000000000000000000e+00
2.231509834527969360e-01 3.191207170486450195e+00 0.000000000000000000e+00
1.657480150461196899e-01 3.162659883499145508e+00 0.000000000000000000e+00
1.115388348698616028e-01 3.194053173065185547e+00 0.000000000000000000e+00
5.583028495311737061e-02 3.198512554168701172e+00 0.000000000000000000e+00
3.838992768123716814e-08 3.154999971389770508e+00 0.000000000000000000e+00
-5.576039850711822510e-02 3.194513320922851562e+00 0.000000000000000000e+00
-1.099333763122558594e-01 3.148081302642822266e+00 0.000000000000000000e+00
-1.657479405403137207e-01 3.162659883499145508e+00 0.000000000000000000e+00
-2.189655303955078125e-01 3.131353378295898438e+00 0.000000000000000000e+00
-2.748020291328430176e-01 3.141001939773559570e+00 0.000000000000000000e+00
-3.294736742973327637e-01 3.134732961654663086e+00 0.000000000000000000e+00
-7.522723674774169922e-01 2.460572004318237305e+00 0.000000000000000000e+00
-8.068433403968811035e-01 2.483208656311035156e+00 0.000000000000000000e+00
-8.653601408004760742e-01 2.513188362121582031e+00 0.000000000000000000e+00
-9.675749540328979492e-01 2.658390522003173828e+00 0.000000000000000000e+00
-1.180463910102844238e+00 3.075213909149169922e+00 0.000000000000000000e+00
-1.239198565483093262e+00 3.067124366760253906e+00 0.000000000000000000e+00
-1.334346771240234375e+00 3.143524169921875000e+00 0.000000000000000000e+00
-1.369075417518615723e+00 3.074994087219238281e+00 0.000000000000000000e+00
-1.436902046203613281e+00 3.081446647644042969e+00 0.000000000000000000e+00
-2.010057449340820312e+00 -1.207764267921447754e+00 0.000000000000000000e+00
-9.809585213661193848e-01 -1.301775813102722168e+00 0.000000000000000000e+00
-9.645556807518005371e-01 -1.327596902847290039e+00 0.000000000000000000e+00
-9.268996119499206543e-01 -1.323749661445617676e+00 0.000000000000000000e+00
-9.109252691268920898e-01 -1.350502133369445801e+00 0.000000000000000000e+00
-5.978046655654907227e-01 -3.075437784194946289e+00 0.000000000000000000e+00
-5.273696184158325195e-01 -2.990861177444458008e+00 0.000000000000000000e+00
-1.005682292998244520e-07 -2.755000114440917969e+00 0.000000000000000000e+00
5.183354020118713379e-02 -2.969547748565673828e+00 0.000000000000000000e+00
1.022554188966751099e-01 -2.928215265274047852e+00 0.000000000000000000e+00
1.519835144281387329e-01 -2.900020122528076172e+00 0.000000000000000000e+00
2.049444019794464111e-01 -2.930843114852905273e+00 0.000000000000000000e+00
2.562377750873565674e-01 -2.928812503814697266e+00 0.000000000000000000e+00
3.061637580394744873e-01 -2.912954568862915039e+00 0.000000000000000000e+00
3.576864004135131836e-01 -2.913122892379760742e+00 0.000000000000000000e+00
4.084729254245758057e-01 -2.906436681747436523e+00 0.000000000000000000e+00
4.611686766147613525e-01 -2.911705255508422852e+00 0.000000000000000000e+00
9.867969155311584473e-01 -2.865866661071777344e+00 0.000000000000000000e+00
1.030506610870361328e+00 -2.831293821334838867e+00 0.000000000000000000e+00
1.092305421829223633e+00 -2.845553159713745117e+00 0.000000000000000000e+00
1.151165962219238281e+00 -2.849236011505126953e+00 0.000000000000000000e+00
1.290584802627563477e+00 -3.040427446365356445e+00 0.000000000000000000e+00
1.317419886589050293e+00 -2.958973884582519531e+00 0.000000000000000000e+00
1.338009238243103027e+00 -2.869370460510253906e+00 0.000000000000000000e+00
1.404979348182678223e+00 -2.880635023117065430e+00 0.000000000000000000e+00
1.514966130256652832e+00 -2.973288774490356445e+00 0.000000000000000000e+00
1.524843454360961914e+00 -2.867813825607299805e+00 0.000000000000000000e+00
1.563995718955993652e+00 -2.821523189544677734e+00 0.000000000000000000e+00
1.630999922752380371e+00 -2.824975013732910156e+00 0.000000000000000000e+00
1.747524023056030273e+00 -2.908368587493896484e+00 0.000000000000000000e+00
1.825085282325744629e+00 -2.810385227203369141e+00 0.000000000000000000e+00
1.916892290115356445e+00 -2.737606287002563477e+00 0.000000000000000000e+00
1.916767597198486328e+00 -2.638204336166381836e+00 0.000000000000000000e+00
2.008858442306518555e+00 -2.665845394134521484e+00 0.000000000000000000e+00
1.880229949951171875e+00 -2.406584739685058594e+00 0.000000000000000000e+00
1.860870003700256348e+00 -2.217698812484741211e+00 0.000000000000000000e+00
1.908475518226623535e+00 -2.195450305938720703e+00 0.000000000000000000e+00
1.836763381958007812e+00 -2.039932489395141602e+00 0.000000000000000000e+00
1.833893418312072754e+00 -1.966610074043273926e+00 0.000000000000000000e+00
1.826951503753662109e+00 -1.891863822937011719e+00 0.000000000000000000e+00
1.816557288169860840e+00 -1.816557407379150391e+00 0.000000000000000000e+00
1.801946163177490234e+00 -1.740119338035583496e+00 0.000000000000000000e+00
1.813757061958312988e+00 -1.691356062889099121e+00 0.000000000000000000e+00
1.785777091979980469e+00 -1.607921004295349121e+00 0.000000000000000000e+00
1.787152290344238281e+00 -1.553547859191894531e+00 0.000000000000000000e+00
1.799438357353210449e+00 -1.509908199310302734e+00 0.000000000000000000e+00
1.812304377555847168e+00 -1.467575192451477051e+00 0.000000000000000000e+00
1.795876502990722656e+00 -1.403092622756958008e+00 0.000000000000000000e+00
1.799325704574584961e+00 -1.355889320373535156e+00 0.000000000000000000e+00
1.787927508354187012e+00 -1.299005508422851562e+00 0.000000000000000000e+00
1.775921583175659180e+00 -1.243513822555541992e+00 0.000000000000000000e+00
1.793208360671997070e+00 -1.209534406661987305e+00 0.000000000000000000e+00
1.784690976142883301e+00 -1.158991932868957520e+00 0.000000000000000000e+00
1.765636086463928223e+00 -1.103291988372802734e+00 0.000000000000000000e+00
1.768336057662963867e+00 -1.062523603439331055e+00 0.000000000000000000e+00
1.761495590209960938e+00 -1.017000079154968262e+00 0.000000000000000000e+00
1.767606258392333984e+00 -9.798002839088439941e-01 0.000000000000000000e+00
1.754416823387145996e+00 -9.328400492668151855e-01 0.000000000000000000e+00
1.742808699607849121e+00 -8.880054950714111328e-01 0.000000000000000000e+00
1.766130328178405762e+00 -8.613994121551513672e-01 0.000000000000000000e+00
1.746455073356628418e+00 -8.143854737281799316e-01 0.000000000000000000e+00
1.760402083396911621e+00 -7.837815880775451660e-01 0.000000000000000000e+00
1.758164167404174805e+00 -7.462965250015258789e-01 0.000000000000000000e+00
1.746814250946044922e+00 -7.057588696479797363e-01 0.000000000000000000e+00
1.740193843841552734e+00 -6.679978966712951660e-01 0.000000000000000000e+00
1.752526760101318359e+00 -6.378676295280456543e-01 0.000000000000000000e+00
1.752991437911987305e+00 -6.036034226417541504e-01 0.000000000000000000e+00
1.713803887367248535e+00 -5.568487048149108887e-01 0.000000000000000000e+00
1.747168779373168945e+00 -5.341631770133972168e-01 0.000000000000000000e+00
1.729309797286987305e+00 -4.958716928958892822e-01 0.000000000000000000e+00
1.728041291236877441e+00 -4.630273580551147461e-01 0.000000000000000000e+00
1.738770008087158203e+00 -4.335241317749023438e-01 0.000000000000000000e+00
1.724635004997253418e+00 -3.981634378433227539e-01 0.000000000000000000e+00
1.735233902931213379e+00 -3.688354194164276123e-01 0.000000000000000000e+00
1.738461732864379883e+00 -3.379228115081787109e-01 0.000000000000000000e+00
1.745079278945922852e+00 -3.077046573162078857e-01 0.000000000000000000e+00
1.675119400024414062e+00 -2.653129398822784424e-01 0.000000000000000000e+00
1.719105243682861328e+00 -2.416045814752578735e-01 0.000000000000000000e+00
1.706186771392822266e+00 -2.094934731721878052e-01 0.000000000000000000e+00
1.688698172569274902e+00 -1.774893999099731445e-01 0.000000000000000000e+00
1.708473920822143555e+00 -1.494721770286560059e-01 0.000000000000000000e+00
1.713815093040466309e+00 -1.198417097330093384e-01 0.000000000000000000e+00
1.726630449295043945e+00 -9.048894792795181274e-02 0.000000000000000000e+00
1.706959486007690430e+00 -5.960842221975326538e-02 0.000000000000000000e+00
1.746733903884887695e+00 -3.048943914473056793e-02 0.000000000000000000e+00
