1.631999969482421875e+00 0.000000000000000000e+00 0.000000000000000000e+00
1.629751682281494141e+00 2.844742126762866974e-02 0.000000000000000000e+00
1.569043636322021484e+00 5.479221045970916748e-02 0.000000000000000000e+00
1.594811320304870605e+00 8.358052372932434082e-02 0.000000000000000000e+00
1.592112183570861816e+00 1.113313287496566772e-01 0.000000000000000000e+00
1.599888682365417480e+00 1.399721205234527588e-01 0.000000000000000000e+00
1.593224048614501953e+00 1.674546003341674805e-01 0.000000000000000000e+00
1.612887501716613770e+00 1.980376839637756348e-01 0.000000000000000000e+00
1.599282979965209961e+00 2.247645556926727295e-01 0.000000000000000000e+00
1.627710342407226562e+00 2.578040063381195068e-01 0.000000000000000000e+00
1.614099979400634766e+00 2.846093773841857910e-01 0.000000000000000000e+00
1.567658662796020508e+00 3.047219514846801758e-01 0.000000000000000000e+00
1.588511705398559570e+00 3.376485705375671387e-01 0.000000000000000000e+00
1.617454290390014648e+00 3.734187483787536621e-01 0.000000000000000000e+00
1.597106814384460449e+00 3.982034325599670410e-01 0.000000000000000000e+00
1.587982058525085449e+00 4.254985153675079346e-01 0.000000000000000000e+00
1.600500702857971191e+00 4.589361846446990967e-01 0.000000000000000000e+00
1.568339824676513672e+00 4.794895946979522705e-01 0.000000000000000000e+00
1.626306653022766113e+00 5.284190773963928223e-01 0.000000000000000000e+00
1.581852555274963379e+00 5.446755290031433105e-01 0.000000000000000000e+00
1.579623341560363770e+00 5.749358534812927246e-01 0.000000000000000000e+00
1.585219502449035645e+00 6.085087656974792480e-01 0.000000000000000000e+00
1.571576714515686035e+00 6.349582076072692871e-01 0.000000000000000000e+00
1.572222232818603516e+00 6.673687696456909180e-01 0.000000000000000000e+00
1.575865983963012695e+00 7.016206979751586914e-01 0.000000000000000000e+00
1.534379005432128906e+00 7.154926657676696777e-01 0.000000000000000000e+00
1.572889566421508789e+00 7.671495079994201660e-01 0.000000000000000000e+00
1.579754590988159180e+00 8.049251437187194824e-01 0.000000000000000000e+00
1.591954469680786133e+00 8.464571833610534668e-01 0.000000000000000000e+00
1.578688502311706543e+00 8.750813603401184082e-01 0.000000000000000000e+00
1.590888738632202148e+00 9.185000061988830566e-01 0.000000000000000000e+00
1.586616635322570801e+00 9.533354640007019043e-01 0.000000000000000000e+00
1.586698055267333984e+00 9.914789795875549316e-01 0.000000000000000000e+00
1.544831156730651855e+00 1.003225088119506836e+00 0.000000000000000000e+00
1.576829433441162109e+00 1.063584923744201660e+00 0.000000000000000000e+00
1.580963373184204102e+00 1.107002496719360352e+00 0.000000000000000000e+00
1.554930686950683594e+00 1.129723310470581055e+00 0.000000000000000000e+00
1.573311924934387207e+00 1.185575604438781738e+00 0.000000000000000000e+00
1.543713092803955078e+00 1.206080794334411621e+00 0.000000000000000000e+00
1.490565896034240723e+00 1.207036495208740234e+00 0.000000000000000000e+00
1.429438948631286621e+00 1.199441671371459961e+00 0.000000000000000000e+00
1.369043231010437012e+00 1.190091133117675781e+00 0.000000000000000000e+00
1.329486131668090820e+00 1.197074651718139648e+00 0.000000000000000000e+00
1.275480866432189941e+00 1.189405083656311035e+00 0.000000000000000000e+00
1.288337588310241699e+00 1.244133114814758301e+00 0.000000000000000000e+00
1.291884064674377441e+00 1.291884064674377441e+00 0.000000000000000000e+00
1.278866052627563477e+00 1.324304580688476562e+00 0.000000000000000000e+00
1.271926999092102051e+00 1.363974690437316895e+00 0.000000000000000000e+00
1.284061670303344727e+00 1.426094889640808105e+00 0.000000000000000000e+00
1.281283259391784668e+00 1.473947763442993164e+00 0.000000000000000000e+00
1.278504490852355957e+00 1.523662328720092773e+00 0.000000000000000000e+00
1.266821980476379395e+00 1.564394831657409668e+00 0.000000000000000000e+00
1.262106060981750488e+00 1.615422010421752930e+00 0.000000000000000000e+00
1.249367952346801758e+00 1.657967329025268555e+00 0.000000000000000000e+00
1.259035944938659668e+00 1.732914328575134277e+00 0.000000000000000000e+00
1.250396728515625000e+00 1.785751461982727051e+00 0.000000000000000000e+00
1.240289807319641113e+00 1.838805317878723145e+00 0.000000000000000000e+00
1.488498568534851074e+00 2.292086601257324219e+00 0.000000000000000000e+00
1.472645640373229980e+00 2.356725692749023438e+00 0.000000000000000000e+00
1.486500024795532227e+00 2.574693441390991211e+00 0.000000000000000000e+00
1.473821282386779785e+00 2.658843755722045898e+00 0.000000000000000000e+00
1.305878639221191406e+00 3.232162952423095703e+00 0.000000000000000000e+00
6.846532225608825684e-01 3.221040010452270508e+00 0.000000000000000000e+00
6.264259815216064453e-01 3.222681999206542969e+00 0.000000000000000000e+00
5.643566250801086426e-01 3.200625181198120117e+00 0.000000000000000000e+00
3.627715408802032471e-01 2.290449380874633789e+00 0.000000000000000000e+00
4.396478533744812012e-01 3.128256797790527344e+00 0.000000000000000000e+00
1.574403792619705200e-01 2.251502037048339844e+00 0.000000000000000000e+00
1.192736700177192688e-01 2.275876760482788086e+00 0.000000000000000000e+00
2.885024485976828146e-08 2.371000051498413086e+00 0.000000000000000000e+00
-4.120510444045066833e-02 2.360640525817871094e+00 0.000000000000000000e+00
-1.108058616518974304e-01 3.173065900802612305e+00 0.000000000000000000e+00
-1.649105548858642578e-01 3.146681785583496094e+00 0.000000000000000000e+00
-2.224533408880233765e-01 3.181231737136840820e+00 0.000000000000000000e+00
-2.737561464309692383e-01 3.129047632217407227e+00 0.000000000000000000e+00
-3.339684009552001953e-01 3.177497386932373047e+00 0.000000000000000000e+00
-3.848633468151092529e-01 3.134460687637329102e+00 0.000000000000000000e+00
-4.353334307670593262e-01 3.097558498382568359e+00 0.000000000000000000e+00
-4.877626299858093262e-01 3.079612255096435547e+00 0.000000000000000000e+00
-5.492491722106933594e-01 3.114947080612182617e+00 0.000000000000000000e+00
-1.609253406524658203e+00 2.135551452636718750e+00 0.000000000000000000e+00
-1.595178842544555664e+00 2.041735887527465820e+00 0.000000000000000000e+00
-1.609172105789184570e+00 1.987162232398986816e+00 0.000000000000000000e+00
-1.628823757171630859e+00 1.941156625747680664e+00 0.000000000000000000e+00
-1.642771720886230469e+00 1.889792799949645996e+00 0.000000000000000000e+00
-1.667473554611206055e+00 1.851917028427124023e+00 0.000000000000000000e+00
-1.674988031387329102e+00 1.796204805374145508e+00 0.000000000000000000e+00
-1.706775546073913574e+00 1.767417907714843750e+00 0.000000000000000000e+00
-1.778373599052429199e+00 1.778373718261718750e+00 0.000000000000000000e+00
-3.112285852432250977e+00 1.585788846015930176e+00 0.000000000000000000e+00
-3.135892391204833984e+00 1.529477000236511230e+00 0.000000000000000000e+00
-3.114979982376098633e+00 1.452539086341857910e+00 0.000000000000000000e+00
-3.344035148620605469e+00 8.960315585136413574e-01 0.000000000000000000e+00
-3.407227993011474609e+00 6.622980833053588867e-01 0.000000000000000000e+00
-3.315847873687744141e+00 5.846735239028930664e-01 0.000000000000000000e+00
-1.719105362892150879e+00 2.416045367717742920e-01 0.000000000000000000e+00
-1.694276332855224609e+00 2.080310136079788208e-01 0.000000000000000000e+00
-1.695659875869750977e+00 1.782210767269134521e-01 0.000000000000000000e+00
-1.739356040954589844e+00 1.521739661693572998e-01 0.000000000000000000e+00
-1.668924689292907715e+00 1.167026162147521973e-01 0.000000000000000000e+00
-1.666712760925292969e+00 8.734875172376632690e-02 0.000000000000000000e+00
-1.903839468955993652e+00 6.648358702659606934e-02 0.000000000000000000e+00
-1.761999964714050293e+00 4.287990762463778083e-08 0.000000000000000000e+00
-9.748655557632446289e-01 -7.082812190055847168e-01 0.000000000000000000e+00
-1.168263316154479980e+00 -1.252808928489685059e+00 0.000000000000000000e+00
-1.144882440567016602e+00 -1.271520733833312988e+00 0.000000000000000000e+00
-1.103491306304931641e+00 -1.269421458244323730e+00 0.000000000000000000e+00
-1.074741005897521973e+00 -1.280826330184936523e+00 0.000000000000000000e+00
-1.066068768501281738e+00 -1.316485285758972168e+00 0.000000000000000000e+00
-1.008453488349914551e+00 -1.290761590003967285e+00 0.000000000000000000e+00
-9.833657741546630859e-01 -1.304970383644104004e+00 0.000000000000000000e+00
-9.475098848342895508e-01 -1.304135322570800781e+00 0.000000000000000000e+00
-9.056772589683532715e-01 -1.293441057205200195e+00 0.000000000000000000e+00
-8.958270549774169922e-01 -1.328118205070495605e+00 0.000000000000000000e+00
-8.343870043754577637e-01 -1.284843206405639648e+00 0.000000000000000000e+00
-8.282638192176818848e-01 -1.325499057769775391e+00 0.000000000000000000e+00
-7.921286225318908691e-01 -1.318323254585266113e+00 0.000000000000000000e+00
-7.680000662803649902e-01 -1.330214977264404297e+00 0.000000000000000000e+00
-1.662412285804748535e+00 -2.999070882797241211e+00 0.000000000000000000e+00
-1.483641028404235840e+00 -2.911809206008911133e+00 0.000000000000000000e+00
-1.101647019386291504e+00 -3.026749849319458008e+00 0.000000000000000000e+00
-1.042469263076782227e+00 -3.027550458908081055e+00 0.000000000000000000e+00
-9.987430572509765625e-01 -3.073814630508422852e+00 0.000000000000000000e+00
-9.241870641708374023e-01 -3.022879362106323242e+00 0.000000000000000000e+00
-8.864498734474182129e-01 -3.091417551040649414e+00 0.000000000000000000e+00
-8.129507303237915039e-01 -3.033972978591918945e+00 0.000000000000000000e+00
-7.925362586975097656e-01 -3.178688764572143555e+00 0.000000000000000000e+00
-1.999919265508651733e-01 -2.860016345977783203e+00 0.000000000000000000e+00
-1.582640409469604492e-01 -3.019855737686157227e+00 0.000000000000000000e+00
-1.038261055946350098e-01 -2.973187685012817383e+00 0.000000000000000000e+00
-5.202573165297508240e-02 -2.980545997619628906e+00 0.000000000000000000e+00
-1.087451053649601818e-07 -2.979000091552734375e+00 0.000000000000000000e+00
5.240946635603904724e-02 -3.002542734146118164e+00 0.000000000000000000e+00
1.098983958363533020e-01 -3.147081613540649414e+00 0.000000000000000000e+00
1.554900109767913818e-01 -2.966928243637084961e+00 0.000000000000000000e+00
2.057814896106719971e-01 -2.942814111709594727e+00 0.000000000000000000e+00
6.177055239677429199e-01 -2.906076431274414062e+00 0.000000000000000000e+00
7.987154722213745117e-01 -2.980847120285034180e+00 0.000000000000000000e+00
8.489629030227661133e-01 -2.960685968399047852e+00 0.000000000000000000e+00
9.230173826217651367e-01 -3.019054174423217773e+00 0.000000000000000000e+00
9.493001103401184082e-01 -2.921645641326904297e+00 0.000000000000000000e+00
1.005679965019226074e+00 -2.920706987380981445e+00 0.000000000000000000e+00
1.065050601959228516e+00 -2.926203012466430664e+00 0.000000000000000000e+00
1.116674423217773438e+00 -2.909036636352539062e+00 0.000000000000000000e+00
1.560819149017333984e+00 -3.063280344009399414e+00 0.000000000000000000e+00
1.573199152946472168e+00 -2.958757400512695312e+00 0.000000000000000000e+00
1.628960132598876953e+00 -2.938722133636474609e+00 0.000000000000000000e+00
1.630499839782714844e+00 -2.824108839035034180e+00 0.000000000000000000e+00
1.632670640945434570e+00 -2.717220544815063477e+00 0.000000000000000000e+00
1.626852035522460938e+00 -2.603507757186889648e+00 0.000000000000000000e+00
1.632827639579772949e+00 -2.514334440231323242e+00 0.000000000000000000e+00
1.638994336128234863e+00 -2.429909229278564453e+00 0.000000000000000000e+00
1.635839939117431641e+00 -2.336221694946289062e+00 0.000000000000000000e+00
1.624638319015502930e+00 -2.236123085021972656e+00 0.000000000000000000e+00
1.627307772636413574e+00 -2.159510374069213867e+00 0.000000000000000000e+00
1.609954714775085449e+00 -2.060648202896118164e+00 0.000000000000000000e+00
1.634344935417175293e+00 -2.018248081207275391e+00 0.000000000000000000e+00
1.608897328376770020e+00 -1.917409300804138184e+00 0.000000000000000000e+00
1.615873336791992188e+00 -1.858849763870239258e+00 0.000000000000000000e+00
1.613942861557006836e+00 -1.792465329170227051e+00 0.000000000000000000e+00
1.618381977081298828e+00 -1.735502362251281738e+00 0.000000000000000000e+00
1.623416423797607422e+00 -1.681097149848937988e+00 0.000000000000000000e+00
1.624931335449218750e+00 -1.624931573867797852e+00 0.000000000000000000e+00
1.638656139373779297e+00 -1.582431912422180176e+00 0.000000000000000000e+00
1.623605132102966309e+00 -1.514036417007446289e+00 0.000000000000000000e+00
1.628230214118957520e+00 -1.466065168380737305e+00 0.000000000000000000e+00
1.627153754234313965e+00 -1.414463281631469727e+00 0.000000000000000000e+00
1.620949983596801758e+00 -1.360138654708862305e+00 0.000000000000000000e+00
1.616463541984558105e+00 -1.308986425399780273e+00 0.000000000000000000e+00
1.602025747299194336e+00 -1.251639842987060547e+00 0.000000000000000000e+00
1.628417730331420898e+00 -1.227100968360900879e+00 0.000000000000000000e+00
1.612370848655700684e+00 -1.171456098556518555e+00 0.000000000000000000e+00
1.615367770195007324e+00 -1.131092786788940430e+00 0.000000000000000000e+00
1.605845808982849121e+00 -1.083156704902648926e+00 0.000000000000000000e+00
1.617795467376708984e+00 -1.050608754158020020e+00 0.000000000000000000e+00
1.609595298767089844e+00 -1.005786776542663574e+00 0.000000000000000000e+00
1.624331951141357422e+00 -9.759972095489501953e-01 0.000000000000000000e+00
1.603878974914550781e+00 -9.260000586509704590e-01 0.000000000000000000e+00
1.609300255775451660e+00 -8.920497894287109375e-01 0.000000000000000000e+00
1.619325876235961914e+00 -8.610109090805053711e-01 0.000000000000000000e+00
1.616285800933837891e+00 -8.235388398170471191e-01 0.000000000000000000e+00
1.625019550323486328e+00 -7.925751209259033203e-01 0.000000000000000000e+00
1.612321615219116211e+00 -7.518379688262939453e-01 0.000000000000000000e+00
1.622456669807434082e+00 -7.223643660545349121e-01 0.000000000000000000e+00
1.636657595634460449e+00 -6.947200298309326172e-01 0.000000000000000000e+00
1.615154266357421875e+00 -6.525647640228271484e-01 0.000000000000000000e+00
1.609492659568786621e+00 -6.178264021873474121e-01 0.000000000000000000e+00
1.598417043685913086e+00 -5.817763209342956543e-01 0.000000000000000000e+00
1.605490446090698242e+00 -5.528147816658020020e-01 0.000000000000000000e+00
1.590166568756103516e+00 -5.166764855384826660e-01 0.000000000000000000e+00
1.589378476142883301e+00 -4.859218299388885498e-01 0.000000000000000000e+00
1.606268286705017090e+00 -4.605900943279266357e-01 0.000000000000000000e+00
1.615028023719787598e+00 -4.327455461025238037e-01 0.000000000000000000e+00
1.581582069396972656e+00 -3.943327665328979492e-01 0.000000000000000000e+00
1.597966909408569336e+00 -3.689197897911071777e-01 0.000000000000000000e+00
1.575795769691467285e+00 -3.349457979202270508e-01 0.000000000000000000e+00
1.602015495300292969e+00 -3.114003539085388184e-01 0.000000000000000000e+00
1.599327683448791504e+00 -2.820047140121459961e-01 0.000000000000000000e+00
1.626722693443298340e+00 -2.576476335525512695e-01 0.000000000000000000e+00
1.608195304870605469e+00 -2.260171920061111450e-01 0.000000000000000000e+00
1.589066386222839355e+00 -1.951128840446472168e-01 0.000000000000000000e+00
1.595213055610656738e+00 -1.676637232303619385e-01 0.000000000000000000e+00
1.604869604110717773e+00 -1.404079794883728027e-01 0.000000000000000000e+00
1.598097562789916992e+00 -1.117499470710754395e-01 0.000000000000000000e+00
1.585823774337768555e+00 -8.310957998037338257e-02 0.000000000000000000e+00
1.599025368690490723e+00 -5.583927407860755920e-02 0.000000000000000000e+00
1.625752449035644531e+00 -2.837769314646720886e-02 0.000000000000000000e+00
