1.603000044822692871e+00 0.000000000000000000e+00 0.000000000000000000e+00
1.561762094497680664e+00 2.726065926253795624e-02 0.000000000000000000e+00
1.616014957427978516e+00 5.643248558044433594e-02 0.000000000000000000e+00
1.542882561683654785e+00 8.085905015468597412e-02 0.000000000000000000e+00
1.592915296554565430e+00 1.393620222806930542e-01 0.000000000000000000e+00
1.572339057922363281e+00 1.652594953775405884e-01 0.000000000000000000e+00
1.559289932250976562e+00 1.914567351341247559e-01 0.000000000000000000e+00
1.560662508010864258e+00 2.193368077278137207e-01 0.000000000000000000e+00
1.536843061447143555e+00 2.434120178222656250e-01 0.000000000000000000e+00
1.559935450553894043e+00 2.750587165355682373e-01 0.000000000000000000e+00
1.563732147216796875e+00 3.039587438106536865e-01 0.000000000000000000e+00
1.532757282257080078e+00 3.257976174354553223e-01 0.000000000000000000e+00
1.532684087753295898e+00 3.538480103015899658e-01 0.000000000000000000e+00
1.552473187446594238e+00 3.870750367641448975e-01 0.000000000000000000e+00
1.480764269828796387e+00 3.967695832252502441e-01 0.000000000000000000e+00
1.561088919639587402e+00 4.476350545883178711e-01 0.000000000000000000e+00
1.549213767051696777e+00 4.736421704292297363e-01 0.000000000000000000e+00
1.526445746421813965e+00 4.959722757339477539e-01 0.000000000000000000e+00
1.541195273399353027e+00 5.306760668754577637e-01 0.000000000000000000e+00
1.529819607734680176e+00 5.568087697029113770e-01 0.000000000000000000e+00
1.465721368789672852e+00 5.626376867294311523e-01 0.000000000000000000e+00
1.501110672950744629e+00 6.064880490303039551e-01 0.000000000000000000e+00
1.516071438789367676e+00 6.435341238975524902e-01 0.000000000000000000e+00
1.495473861694335938e+00 6.658278703689575195e-01 0.000000000000000000e+00
1.491782665252685547e+00 6.956296563148498535e-01 0.000000000000000000e+00
1.462337851524353027e+00 7.132298350334167480e-01 0.000000000000000000e+00
1.467487692832946777e+00 7.477223277091979980e-01 0.000000000000000000e+00
1.455980658531188965e+00 7.741585969924926758e-01 0.000000000000000000e+00
1.445746421813964844e+00 8.013902902603149414e-01 0.000000000000000000e+00
1.449726581573486328e+00 8.370000123977661133e-01 0.000000000000000000e+00
1.469184756278991699e+00 8.827752470970153809e-01 0.000000000000000000e+00
1.459490776062011719e+00 9.119910001754760742e-01 0.000000000000000000e+00
1.445868015289306641e+00 9.389576911926269531e-01 0.000000000000000000e+00
1.446670532226562500e+00 9.757916331291198730e-01 0.000000000000000000e+00
1.435154318809509277e+00 1.004905939102172852e+00 0.000000000000000000e+00
1.442477345466613770e+00 1.048021078109741211e+00 0.000000000000000000e+00
1.452718019485473633e+00 1.094701528549194336e+00 0.000000000000000000e+00
1.407387256622314453e+00 1.099571347236633301e+00 0.000000000000000000e+00
1.421399950981140137e+00 1.151026964187622070e+00 0.000000000000000000e+00
1.399563193321228027e+00 1.174372911453247070e+00 0.000000000000000000e+00
1.409797549247741699e+00 1.225518226623535156e+00 0.000000000000000000e+00
1.398598551750183105e+00 1.259303808212280273e+00 0.000000000000000000e+00
1.399079680442810059e+00 1.304662823677062988e+00 0.000000000000000000e+00
1.378974437713623047e+00 1.331660151481628418e+00 0.000000000000000000e+00
1.344917058944702148e+00 1.344917058944702148e+00 0.000000000000000000e+00
1.276087403297424316e+00 1.321427226066589355e+00 0.000000000000000000e+00
1.242601037025451660e+00 1.332526445388793945e+00 0.000000000000000000e+00
1.187706828117370605e+00 1.319082021713256836e+00 0.000000000000000000e+00
1.138918399810791016e+00 1.310175776481628418e+00 0.000000000000000000e+00
1.104951858520507812e+00 1.316830396652221680e+00 0.000000000000000000e+00
1.102569341659545898e+00 1.361559748649597168e+00 0.000000000000000000e+00
1.086642503738403320e+00 1.390838980674743652e+00 0.000000000000000000e+00
1.083266973495483398e+00 1.437543869018554688e+00 0.000000000000000000e+00
1.080349326133728027e+00 1.486973285675048828e+00 0.000000000000000000e+00
1.078897356986999512e+00 1.540825009346008301e+00 0.000000000000000000e+00
1.069736003875732422e+00 1.585948824882507324e+00 0.000000000000000000e+00
1.055510401725769043e+00 1.625343561172485352e+00 0.000000000000000000e+00
1.055069327354431152e+00 1.688463807106018066e+00 0.000000000000000000e+00
1.040376901626586914e+00 1.731477975845336914e+00 0.000000000000000000e+00
1.025500059127807617e+00 1.776218175888061523e+00 0.000000000000000000e+00
1.011797666549682617e+00 1.825331211090087891e+00 0.000000000000000000e+00
1.008894324302673340e+00 1.897454261779785156e+00 0.000000000000000000e+00
9.946932196617126465e-01 1.952195286750793457e+00 0.000000000000000000e+00
1.172642827033996582e+00 2.404273986816406250e+00 0.000000000000000000e+00
1.151875376701354980e+00 2.713648319244384766e+00 0.000000000000000000e+00
1.114080071449279785e+00 2.757444858551025391e+00 0.000000000000000000e+00
9.468143582344055176e-01 3.301933765411376953e+00 0.000000000000000000e+00
8.993961811065673828e-01 3.356592178344726562e+00 0.000000000000000000e+00
2.879626154899597168e-01 3.291427135467529297e+00 0.000000000000000000e+00
2.230812311172485352e-01 3.190209865570068359e+00 0.000000000000000000e+00
1.682077944278717041e-01 3.209595203399658203e+00 0.000000000000000000e+00
1.125858202576637268e-01 3.224034786224365234e+00 0.000000000000000000e+00
5.914624407887458801e-02 3.388483762741088867e+00 0.000000000000000000e+00
3.841426376993695158e-08 3.157000064849853516e+00 0.000000000000000000e+00
-5.549861490726470947e-02 3.179515838623046875e+00 0.000000000000000000e+00
-1.101776733994483948e-01 3.155076980590820312e+00 0.000000000000000000e+00
-1.672133356332778931e-01 3.190621376037597656e+00 0.000000000000000000e+00
-2.187562584877014160e-01 3.128360748291015625e+00 0.000000000000000000e+00
-2.701827585697174072e-01 3.088203430175781250e+00 0.000000000000000000e+00
-3.233065009117126465e-01 3.076056241989135742e+00 0.000000000000000000e+00
-3.803541958332061768e-01 3.097736597061157227e+00 0.000000000000000000e+00
-4.312973916530609131e-01 3.068840742111206055e+00 0.000000000000000000e+00
-4.827567040920257568e-01 3.048006296157836914e+00 0.000000000000000000e+00
-5.405667424201965332e-01 3.065706491470336914e+00 0.000000000000000000e+00
-5.920802354812622070e-01 3.045989036560058594e+00 0.000000000000000000e+00
-6.480607390403747559e-01 3.048886299133300781e+00 0.000000000000000000e+00
-6.975731849670410156e-01 3.021521568298339844e+00 0.000000000000000000e+00
-7.581831812858581543e-01 3.040906906127929688e+00 0.000000000000000000e+00
-1.360408186912536621e+00 2.917404890060424805e+00 0.000000000000000000e+00
-1.418130517005920410e+00 2.907598733901977539e+00 0.000000000000000000e+00
-1.518144249916076660e+00 2.979526042938232422e+00 0.000000000000000000e+00
-1.589161157608032227e+00 2.988777637481689453e+00 0.000000000000000000e+00
-1.616355299949645996e+00 2.915982246398925781e+00 0.000000000000000000e+00
-1.730000019073486328e+00 2.996448040008544922e+00 0.000000000000000000e+00
-1.717651963233947754e+00 2.858653068542480469e+00 0.000000000000000000e+00
-1.806494712829589844e+00 2.890995979309082031e+00 0.000000000000000000e+00
-1.868111848831176758e+00 2.876640081405639648e+00 0.000000000000000000e+00
-1.911321282386779785e+00 2.833650350570678711e+00 0.000000000000000000e+00
-2.000634431838989258e+00 2.857202291488647461e+00 0.000000000000000000e+00
-1.431151032447814941e+00 1.039792180061340332e+00 0.000000000000000000e+00
-1.408941507339477539e+00 9.865515232086181641e-01 0.000000000000000000e+00
-1.304132699966430664e+00 8.469136953353881836e-01 0.000000000000000000e+00
-1.347548365592956543e+00 8.420417308807373047e-01 0.000000000000000000e+00
-1.316609025001525879e+00 7.910985350608825684e-01 0.000000000000000000e+00
-1.314626574516296387e+00 7.590000033378601074e-01 0.000000000000000000e+00
-2.210556030273437500e+00 1.933986544609069824e-01 0.000000000000000000e+00
-2.165711641311645508e+00 1.514413505792617798e-01 0.000000000000000000e+00
-1.946494817733764648e+00 -1.414211153984069824e+00 0.000000000000000000e+00
-1.135848999023437500e+00 -3.120719194412231445e+00 0.000000000000000000e+00
-5.758174657821655273e-01 -3.265622377395629883e+00 0.000000000000000000e+00
-4.955844879150390625e-01 -3.128996610641479492e+00 0.000000000000000000e+00
-4.505034387111663818e-01 -3.205497741699218750e+00 0.000000000000000000e+00
-2.154081016778945923e-01 -3.080477952957153320e+00 0.000000000000000000e+00
-1.587350666522979736e-01 -3.028843402862548828e+00 0.000000000000000000e+00
9.771848469972610474e-02 -2.798294305801391602e+00 0.000000000000000000e+00
1.587871760129928589e-01 -3.029841899871826172e+00 0.000000000000000000e+00
2.112224996089935303e-01 -3.020624160766601562e+00 0.000000000000000000e+00
2.624258100986480713e-01 -2.999542236328125000e+00 0.000000000000000000e+00
3.141079246997833252e-01 -2.988538503646850586e+00 0.000000000000000000e+00
3.671922087669372559e-01 -2.990541696548461914e+00 0.000000000000000000e+00
4.364467263221740723e-01 -3.105480670928955078e+00 0.000000000000000000e+00
4.729012846946716309e-01 -2.985781908035278320e+00 0.000000000000000000e+00
5.291058421134948730e-01 -3.000709056854248047e+00 0.000000000000000000e+00
5.871191620826721191e-01 -3.020466804504394531e+00 0.000000000000000000e+00
1.057526230812072754e+00 -2.905529737472534180e+00 0.000000000000000000e+00
1.101264595985412598e+00 -2.868892669677734375e+00 0.000000000000000000e+00
1.148543715476989746e+00 -2.842745780944824219e+00 0.000000000000000000e+00
1.208140492439270020e+00 -2.846200942993164062e+00 0.000000000000000000e+00
1.260476708412170410e+00 -2.831077337265014648e+00 0.000000000000000000e+00
1.326176047325134277e+00 -2.843993902206420898e+00 0.000000000000000000e+00
1.387444496154785156e+00 -2.844683170318603516e+00 0.000000000000000000e+00
1.431432008743286133e+00 -2.809343814849853516e+00 0.000000000000000000e+00
1.494327902793884277e+00 -2.810422420501708984e+00 0.000000000000000000e+00
1.541209578514099121e+00 -2.780416011810302734e+00 0.000000000000000000e+00
1.609999895095825195e+00 -2.788601875305175781e+00 0.000000000000000000e+00
1.678508996963500977e+00 -2.793508291244506836e+00 0.000000000000000000e+00
1.720117807388305664e+00 -2.752764225006103516e+00 0.000000000000000000e+00
1.808746218681335449e+00 -2.785225152969360352e+00 0.000000000000000000e+00
1.857638716697692871e+00 -2.754062891006469727e+00 0.000000000000000000e+00
1.926069617271423340e+00 -2.750712633132934570e+00 0.000000000000000000e+00
1.984950780868530273e+00 -2.732050657272338867e+00 0.000000000000000000e+00
1.970342278480529785e+00 -2.614732742309570312e+00 0.000000000000000000e+00
1.969500899314880371e+00 -2.520846366882324219e+00 0.000000000000000000e+00
1.929496169090270996e+00 -2.382729530334472656e+00 0.000000000000000000e+00
1.913578629493713379e+00 -2.280514478683471680e+00 0.000000000000000000e+00
1.915036201477050781e+00 -2.202997207641601562e+00 0.000000000000000000e+00
1.856837391853332520e+00 -2.062227010726928711e+00 0.000000000000000000e+00
1.923235297203063965e+00 -2.062417507171630859e+00 0.000000000000000000e+00
1.856821775436401367e+00 -1.922795414924621582e+00 0.000000000000000000e+00
1.847669839859008789e+00 -1.847670078277587891e+00 0.000000000000000000e+00
1.826403737068176270e+00 -1.763737678527832031e+00 0.000000000000000000e+00
1.821070671081542969e+00 -1.698176026344299316e+00 0.000000000000000000e+00
1.808814406394958496e+00 -1.628664016723632812e+00 0.000000000000000000e+00
1.799227595329284668e+00 -1.564044833183288574e+00 0.000000000000000000e+00
1.803268671035766602e+00 -1.513122200965881348e+00 0.000000000000000000e+00
1.789767026901245117e+00 -1.449324965476989746e+00 0.000000000000000000e+00
1.792724490165710449e+00 -1.400629997253417969e+00 0.000000000000000000e+00
1.798527240753173828e+00 -1.355287551879882812e+00 0.000000000000000000e+00
1.783073425292968750e+00 -1.295478820800781250e+00 0.000000000000000000e+00
1.783293962478637695e+00 -1.248676061630249023e+00 0.000000000000000000e+00
1.766679048538208008e+00 -1.191640138626098633e+00 0.000000000000000000e+00
1.767078876495361328e+00 -1.147554636001586914e+00 0.000000000000000000e+00
1.744434833526611328e+00 -1.090044021606445312e+00 0.000000000000000000e+00
1.762335896492004395e+00 -1.058918356895446777e+00 0.000000000000000000e+00
1.732050776481628418e+00 -1.000000119209289551e+00 0.000000000000000000e+00
1.745740890502929688e+00 -9.676800966262817383e-01 0.000000000000000000e+00
1.720864772796630859e+00 -9.150001406669616699e-01 0.000000000000000000e+00
1.728552699089050293e+00 -8.807416558265686035e-01 0.000000000000000000e+00
1.723886966705322266e+00 -8.407959342002868652e-01 0.000000000000000000e+00
1.721078515052795410e+00 -8.025521636009216309e-01 0.000000000000000000e+00
1.711984157562255859e+00 -7.622245550155639648e-01 0.000000000000000000e+00
1.706615924835205078e+00 -7.244156002998352051e-01 0.000000000000000000e+00
1.708799839019775391e+00 -6.904000639915466309e-01 0.000000000000000000e+00
1.669241786003112793e+00 -6.407619714736938477e-01 0.000000000000000000e+00
1.720577120780944824e+00 -6.262389421463012695e-01 0.000000000000000000e+00
1.701933383941650391e+00 -5.860227346420288086e-01 0.000000000000000000e+00
1.692880511283874512e+00 -5.500503182411193848e-01 0.000000000000000000e+00
1.650581955909729004e+00 -5.046336054801940918e-01 0.000000000000000000e+00
1.658176422119140625e+00 -4.754745364189147949e-01 0.000000000000000000e+00
1.613096117973327637e+00 -4.322278797626495361e-01 0.000000000000000000e+00
1.646591901779174805e+00 -4.105415344238281250e-01 0.000000000000000000e+00
1.664224028587341309e+00 -3.842164576053619385e-01 0.000000000000000000e+00
1.643287897109985352e+00 -3.492917120456695557e-01 0.000000000000000000e+00
1.627537846565246582e+00 -3.163613975048065186e-01 0.000000000000000000e+00
1.610160708427429199e+00 -2.839148342609405518e-01 0.000000000000000000e+00
1.641537904739379883e+00 -2.599941492080688477e-01 0.000000000000000000e+00
1.597302436828613281e+00 -2.244862914085388184e-01 0.000000000000000000e+00
1.616857647895812988e+00 -1.985252350568771362e-01 0.000000000000000000e+00
1.619081616401672363e+00 -1.701724231243133545e-01 0.000000000000000000e+00
1.618816375732421875e+00 -1.416281610727310181e-01 0.000000000000000000e+00
1.629022121429443359e+00 -1.139124035835266113e-01 0.000000000000000000e+00
1.583826422691345215e+00 -8.300489932298660278e-02 0.000000000000000000e+00
1.569043636322021484e+00 -5.479228869080543518e-02 0.000000000000000000e+00
1.602755904197692871e+00 -2.797628566622734070e-02 0.000000000000000000e+00
