1.679999947547912598e+00 0.000000000000000000e+00 0.000000000000000000e+00
1.604755520820617676e+00 2.801111154258251190e-02 0.000000000000000000e+00
1.699963808059692383e+00 5.936404317617416382e-02 0.000000000000000000e+00
1.716644167900085449e+00 8.996550738811492920e-02 0.000000000000000000e+00
1.693863749504089355e+00 1.184464916586875916e-01 0.000000000000000000e+00
1.627782106399536133e+00 1.424124836921691895e-01 0.000000000000000000e+00
1.631015896797180176e+00 1.714266836643218994e-01 0.000000000000000000e+00
1.671447753906250000e+00 2.052279710769653320e-01 0.000000000000000000e+00
1.656718492507934570e+00 2.328365892171859741e-01 0.000000000000000000e+00
1.641537904739379883e+00 2.599940598011016846e-01 0.000000000000000000e+00
1.652507424354553223e+00 2.913816273212432861e-01 0.000000000000000000e+00
1.657968282699584961e+00 3.222763836383819580e-01 0.000000000000000000e+00
1.635462880134582520e+00 3.476283550262451172e-01 0.000000000000000000e+00
1.617454290390014648e+00 3.734187483787536621e-01 0.000000000000000000e+00
1.668908715248107910e+00 4.161056578159332275e-01 0.000000000000000000e+00
1.669119834899902344e+00 4.472393095493316650e-01 0.000000000000000000e+00
1.652408838272094727e+00 4.738205969333648682e-01 0.000000000000000000e+00
1.637193799018859863e+00 5.005403757095336914e-01 0.000000000000000000e+00
1.623453497886657715e+00 5.274919867515563965e-01 0.000000000000000000e+00
1.631019592285156250e+00 5.616050958633422852e-01 0.000000000000000000e+00
1.607814073562622070e+00 5.851964354515075684e-01 0.000000000000000000e+00
1.622562766075134277e+00 6.228435039520263672e-01 0.000000000000000000e+00
1.640188336372375488e+00 6.626790761947631836e-01 0.000000000000000000e+00
1.609042525291442871e+00 6.829980015754699707e-01 0.000000000000000000e+00
1.634332895278930664e+00 7.276518344879150391e-01 0.000000000000000000e+00
1.609602689743041992e+00 7.505700588226318359e-01 0.000000000000000000e+00
1.628614902496337891e+00 7.943285107612609863e-01 0.000000000000000000e+00
1.597574710845947266e+00 8.140049576759338379e-01 0.000000000000000000e+00
1.602549910545349121e+00 8.520908951759338379e-01 0.000000000000000000e+00
1.607551097869873047e+00 8.910800814628601074e-01 0.000000000000000000e+00
1.609075188636779785e+00 9.290000200271606445e-01 0.000000000000000000e+00
1.587473869323730469e+00 9.538505077362060547e-01 0.000000000000000000e+00
1.573977231979370117e+00 9.835301041603088379e-01 0.000000000000000000e+00
1.604376792907714844e+00 1.041894435882568359e+00 0.000000000000000000e+00
1.598384380340576172e+00 1.078123927116394043e+00 0.000000000000000000e+00
1.596527338027954102e+00 1.117900490760803223e+00 0.000000000000000000e+00
1.584864258766174316e+00 1.151471257209777832e+00 0.000000000000000000e+00
1.570117354393005371e+00 1.183168292045593262e+00 0.000000000000000000e+00
1.582325577735900879e+00 1.236248135566711426e+00 0.000000000000000000e+00
1.568280458450317383e+00 1.269968509674072266e+00 0.000000000000000000e+00
1.567326903343200684e+00 1.315143465995788574e+00 0.000000000000000000e+00
1.513192772865295410e+00 1.315398454666137695e+00 0.000000000000000000e+00
1.461765885353088379e+00 1.316179871559143066e+00 0.000000000000000000e+00
1.415169358253479004e+00 1.319666743278503418e+00 0.000000000000000000e+00
1.366026282310485840e+00 1.319156289100646973e+00 0.000000000000000000e+00
1.322289705276489258e+00 1.322289705276489258e+00 0.000000000000000000e+00
1.289285898208618164e+00 1.335094571113586426e+00 0.000000000000000000e+00
1.281474947929382324e+00 1.374213576316833496e+00 0.000000000000000000e+00
1.282723426818847656e+00 1.424608707427978516e+00 0.000000000000000000e+00
1.273410558700561523e+00 1.464891314506530762e+00 0.000000000000000000e+00
1.280432939529418945e+00 1.525960564613342285e+00 0.000000000000000000e+00
1.259899497032165527e+00 1.555846333503723145e+00 0.000000000000000000e+00
1.264568567276000977e+00 1.618574023246765137e+00 0.000000000000000000e+00
1.264413475990295410e+00 1.677933216094970703e+00 0.000000000000000000e+00
1.266089439392089844e+00 1.742622613906860352e+00 0.000000000000000000e+00
1.249249458312988281e+00 1.784113168716430664e+00 0.000000000000000000e+00
1.239171504974365234e+00 1.837147355079650879e+00 0.000000000000000000e+00
1.225437879562377930e+00 1.887008786201477051e+00 0.000000000000000000e+00
1.213515162467956543e+00 1.942030072212219238e+00 0.000000000000000000e+00
1.449832201004028320e+00 2.412925958633422852e+00 0.000000000000000000e+00
1.432500004768371582e+00 2.481162786483764648e+00 0.000000000000000000e+00
1.425785183906555176e+00 2.681511878967285156e+00 0.000000000000000000e+00
1.583518862724304199e+00 3.107830762863159180e+00 0.000000000000000000e+00
1.005354523658752441e+00 2.919761419296264648e+00 0.000000000000000000e+00
5.824160575866699219e-01 3.303045272827148438e+00 0.000000000000000000e+00
5.168594717979431152e-01 3.263322114944458008e+00 0.000000000000000000e+00
4.537043571472167969e-01 3.228273868560791016e+00 0.000000000000000000e+00
3.998533487319946289e-01 3.256543874740600586e+00 0.000000000000000000e+00
3.390903770923614502e-01 3.226228952407836914e+00 0.000000000000000000e+00
2.848249971866607666e-01 3.255564212799072266e+00 0.000000000000000000e+00
2.320100665092468262e-01 3.317898035049438477e+00 0.000000000000000000e+00
1.752731502056121826e-01 3.344410181045532227e+00 0.000000000000000000e+00
1.137723997235298157e-01 3.258014202117919922e+00 0.000000000000000000e+00
5.649347975850105286e-02 3.236506938934326172e+00 0.000000000000000000e+00
3.971623385723432875e-08 3.263999938964843750e+00 0.000000000000000000e+00
-5.651085078716278076e-02 3.237506866455078125e+00 0.000000000000000000e+00
-1.117830500006675720e-01 3.201048851013183594e+00 0.000000000000000000e+00
-1.655385941267013550e-01 3.158665418624877930e+00 0.000000000000000000e+00
-2.187562584877014160e-01 3.128360748291015625e+00 0.000000000000000000e+00
-2.751506567001342773e-01 3.144986629486083984e+00 0.000000000000000000e+00
-3.278011977672576904e-01 3.118820667266845703e+00 0.000000000000000000e+00
-3.905912041664123535e-01 3.181110382080078125e+00 0.000000000000000000e+00
-8.328007459640502930e-01 2.563097238540649414e+00 0.000000000000000000e+00
-1.061352133750915527e+00 3.082390546798706055e+00 0.000000000000000000e+00
-1.116011738777160645e+00 3.066216945648193359e+00 0.000000000000000000e+00
-1.169354557991027832e+00 3.046272993087768555e+00 0.000000000000000000e+00
-1.251560568809509277e+00 3.097721338272094727e+00 0.000000000000000000e+00
-1.321061968803405762e+00 3.112226963043212891e+00 0.000000000000000000e+00
-1.386565089225769043e+00 3.114276409149169922e+00 0.000000000000000000e+00
-1.439437747001647949e+00 3.086884260177612305e+00 0.000000000000000000e+00
-1.512380480766296387e+00 3.100839614868164062e+00 0.000000000000000000e+00
-2.016057491302490234e+00 -1.211369514465332031e+00 0.000000000000000000e+00
-9.990129470825195312e-01 -1.325734853744506836e+00 0.000000000000000000e+00
-9.645556807518005371e-01 -1.327596902847290039e+00 0.000000000000000000e+00
-9.182958602905273438e-01 -1.311462402343750000e+00 0.000000000000000000e+00
-9.271418452262878418e-01 -1.374544262886047363e+00 0.000000000000000000e+00
-8.452798724174499512e-01 -1.301616787910461426e+00 0.000000000000000000e+00
-5.367466211318969727e-01 -3.044040918350219727e+00 0.000000000000000000e+00
-1.000936791228923539e-07 -2.742000102996826172e+00 0.000000000000000000e+00
5.150194466114044189e-02 -2.950550556182861328e+00 0.000000000000000000e+00
1.037909910082817078e-01 -2.972188234329223633e+00 0.000000000000000000e+00
1.545479744672775269e-01 -2.948953151702880859e+00 0.000000000000000000e+00
2.068278342485427856e-01 -2.957777261734008789e+00 0.000000000000000000e+00
2.597239911556243896e-01 -2.968660116195678711e+00 0.000000000000000000e+00
3.095086514949798584e-01 -2.944779396057128906e+00 0.000000000000000000e+00
3.567114770412445068e-01 -2.905182600021362305e+00 0.000000000000000000e+00
4.106996953487396240e-01 -2.922281026840209961e+00 0.000000000000000000e+00
4.566320776939392090e-01 -2.883062124252319336e+00 0.000000000000000000e+00
9.858202934265136719e-01 -2.863030433654785156e+00 0.000000000000000000e+00
1.035636901855468750e+00 -2.845389366149902344e+00 0.000000000000000000e+00
1.093380570411682129e+00 -2.848354101181030273e+00 0.000000000000000000e+00
1.143299221992492676e+00 -2.829765319824218750e+00 0.000000000000000000e+00
1.222988367080688477e+00 -2.881180286407470703e+00 0.000000000000000000e+00
1.271865367889404297e+00 -2.856656789779663086e+00 0.000000000000000000e+00
1.316455721855163574e+00 -2.823148727416992188e+00 0.000000000000000000e+00
1.384375929832458496e+00 -2.838391542434692383e+00 0.000000000000000000e+00
1.482278943061828613e+00 -2.909136533737182617e+00 0.000000000000000000e+00
1.482121586799621582e+00 -2.787465572357177734e+00 0.000000000000000000e+00
1.581448912620544434e+00 -2.853009700775146484e+00 0.000000000000000000e+00
1.620999932289123535e+00 -2.807654619216918945e+00 0.000000000000000000e+00
1.715076684951782227e+00 -2.854367017745971680e+00 0.000000000000000000e+00
1.829811096191406250e+00 -2.928310155868530273e+00 0.000000000000000000e+00
1.834344148635864258e+00 -2.824642658233642578e+00 0.000000000000000000e+00
1.935246825218200684e+00 -2.763819217681884766e+00 0.000000000000000000e+00
2.040790319442749023e+00 -2.808907032012939453e+00 0.000000000000000000e+00
1.892708182334899902e+00 -2.511708736419677734e+00 0.000000000000000000e+00
1.851909518241882324e+00 -2.370336294174194336e+00 0.000000000000000000e+00
1.842649936676025391e+00 -2.275483369827270508e+00 0.000000000000000000e+00
1.828087925910949707e+00 -2.178630590438842773e+00 0.000000000000000000e+00
1.843525767326354980e+00 -2.120733976364135742e+00 0.000000000000000000e+00
1.838101625442504883e+00 -2.041418790817260742e+00 0.000000000000000000e+00
1.837303519248962402e+00 -1.970266938209533691e+00 0.000000000000000000e+00
1.844317913055419922e+00 -1.909847259521484375e+00 0.000000000000000000e+00
1.818678617477416992e+00 -1.818678736686706543e+00 0.000000000000000000e+00
1.830000281333923340e+00 -1.767210960388183594e+00 0.000000000000000000e+00
1.818145275115966797e+00 -1.695448040962219238e+00 0.000000000000000000e+00
1.807328104972839355e+00 -1.627325654029846191e+00 0.000000000000000000e+00
1.782624006271362305e+00 -1.549611449241638184e+00 0.000000000000000000e+00
1.790245771408081055e+00 -1.502194643020629883e+00 0.000000000000000000e+00
1.784327030181884766e+00 -1.444919705390930176e+00 0.000000000000000000e+00
1.769872188568115234e+00 -1.382775783538818359e+00 0.000000000000000000e+00
1.800124287605285645e+00 -1.356491088867187500e+00 0.000000000000000000e+00
1.780646324157714844e+00 -1.293715357780456543e+00 0.000000000000000000e+00
1.783293962478637695e+00 -1.248676061630249023e+00 0.000000000000000000e+00
1.776627421379089355e+00 -1.198350429534912109e+00 0.000000000000000000e+00
1.761208057403564453e+00 -1.143741965293884277e+00 0.000000000000000000e+00
1.757155656814575195e+00 -1.097992777824401855e+00 0.000000000000000000e+00
1.754621386528015137e+00 -1.054283022880554199e+00 0.000000000000000000e+00
1.751969337463378906e+00 -1.011500120162963867e+00 0.000000000000000000e+00
1.751863241195678711e+00 -9.710737466812133789e-01 0.000000000000000000e+00
1.767661094665527344e+00 -9.398822188377380371e-01 0.000000000000000000e+00
1.756173729896545410e+00 -8.948153257369995117e-01 0.000000000000000000e+00
1.755344629287719727e+00 -8.561388850212097168e-01 0.000000000000000000e+00
1.734673142433166504e+00 -8.088914752006530762e-01 0.000000000000000000e+00
1.753093719482421875e+00 -7.805277109146118164e-01 0.000000000000000000e+00
1.738833665847778320e+00 -7.380912303924560547e-01 0.000000000000000000e+00
1.763503670692443848e+00 -7.125018239021301270e-01 0.000000000000000000e+00
1.744861721992492676e+00 -6.697897911071777344e-01 0.000000000000000000e+00
1.751587033271789551e+00 -6.375256180763244629e-01 0.000000000000000000e+00
1.748263835906982422e+00 -6.019756197929382324e-01 0.000000000000000000e+00
1.746139645576477051e+00 -5.673552751541137695e-01 0.000000000000000000e+00
1.735693216323852539e+00 -5.306547284126281738e-01 0.000000000000000000e+00
1.745651245117187500e+00 -5.005575418472290039e-01 0.000000000000000000e+00
1.741564273834228516e+00 -4.666508138179779053e-01 0.000000000000000000e+00
1.730037212371826172e+00 -4.313468337059020996e-01 0.000000000000000000e+00
1.713916897773742676e+00 -3.956889808177947998e-01 0.000000000000000000e+00
1.700020551681518555e+00 -3.613505959510803223e-01 0.000000000000000000e+00
1.740424990653991699e+00 -3.383044302463531494e-01 0.000000000000000000e+00
1.724398374557495117e+00 -3.040580451488494873e-01 0.000000000000000000e+00
1.691910147666931152e+00 -2.679723203182220459e-01 0.000000000000000000e+00
1.700290322303771973e+00 -2.389602959156036377e-01 0.000000000000000000e+00
1.714127182960510254e+00 -2.104684412479400635e-01 0.000000000000000000e+00
1.715550303459167480e+00 -1.803116798400878906e-01 0.000000000000000000e+00
1.672610878944396973e+00 -1.463345736265182495e-01 0.000000000000000000e+00
1.723790764808654785e+00 -1.205392703413963318e-01 0.000000000000000000e+00
1.710652470588684082e+00 -8.965157717466354370e-02 0.000000000000000000e+00
1.710957050323486328e+00 -5.974802002310752869e-02 0.000000000000000000e+00
1.696741580963134766e+00 -2.961681596934795380e-02 0.000000000000000000e+00
