1.618999958038330078e+00 0.000000000000000000e+00 0.000000000000000000e+00
1.609754800796508789e+00 2.809837460517883301e-02 0.000000000000000000e+00
1.553053379058837891e+00 5.423381924629211426e-02 0.000000000000000000e+00
1.521911501884460449e+00 7.976000010967254639e-02 0.000000000000000000e+00
1.597100019454956055e+00 1.116801127791404724e-01 0.000000000000000000e+00
1.584945678710937500e+00 1.386647820472717285e-01 0.000000000000000000e+00
1.610130906105041504e+00 1.692315787076950073e-01 0.000000000000000000e+00
1.600976943969726562e+00 1.965752542018890381e-01 0.000000000000000000e+00
1.585419178009033203e+00 2.228161245584487915e-01 0.000000000000000000e+00
1.581288933753967285e+00 2.504515647888183594e-01 0.000000000000000000e+00
1.565844416618347168e+00 2.761006057262420654e-01 0.000000000000000000e+00
1.591217756271362305e+00 3.093013763427734375e-01 0.000000000000000000e+00
1.557211041450500488e+00 3.309954106807708740e-01 0.000000000000000000e+00
1.573607683181762695e+00 3.632959425449371338e-01 0.000000000000000000e+00
1.551502823829650879e+00 3.868331015110015869e-01 0.000000000000000000e+00
1.560936212539672852e+00 4.182515740394592285e-01 0.000000000000000000e+00
1.554360151290893555e+00 4.457055926322937012e-01 0.000000000000000000e+00
1.549213767051696777e+00 4.736421704292297363e-01 0.000000000000000000e+00
1.554026246070861816e+00 5.049337744712829590e-01 0.000000000000000000e+00
1.552541494369506836e+00 5.345829129219055176e-01 0.000000000000000000e+00
1.558010339736938477e+00 5.670694112777709961e-01 0.000000000000000000e+00
1.516134619712829590e+00 5.819895267486572266e-01 0.000000000000000000e+00
1.549324274063110352e+00 6.259676218032836914e-01 0.000000000000000000e+00
1.537243008613586426e+00 6.525209546089172363e-01 0.000000000000000000e+00
1.547546029090881348e+00 6.890118718147277832e-01 0.000000000000000000e+00
1.547973632812500000e+00 7.218319773674011230e-01 0.000000000000000000e+00
1.512670397758483887e+00 7.377786040306091309e-01 0.000000000000000000e+00
1.503128051757812500e+00 7.658819556236267090e-01 0.000000000000000000e+00
1.478937149047851562e+00 7.863648533821105957e-01 0.000000000000000000e+00
1.510468244552612305e+00 8.372662067413330078e-01 0.000000000000000000e+00
1.511214375495910645e+00 8.725000023841857910e-01 0.000000000000000000e+00
1.518043279647827148e+00 9.121324419975280762e-01 0.000000000000000000e+00
1.507829546928405762e+00 9.421964287757873535e-01 0.000000000000000000e+00
1.527219057083129883e+00 9.917876720428466797e-01 0.000000000000000000e+00
1.508848428726196289e+00 1.017731070518493652e+00 0.000000000000000000e+00
1.473654508590698242e+00 1.031864047050476074e+00 0.000000000000000000e+00
1.480501174926757812e+00 1.075646996498107910e+00 0.000000000000000000e+00
1.493448376655578613e+00 1.125394105911254883e+00 0.000000000000000000e+00
1.476732134819030762e+00 1.153749585151672363e+00 0.000000000000000000e+00
1.491343140602111816e+00 1.207665801048278809e+00 0.000000000000000000e+00
1.479231834411621094e+00 1.241222858428955078e+00 0.000000000000000000e+00
1.443759441375732422e+00 1.255040884017944336e+00 0.000000000000000000e+00
1.392653346061706543e+00 1.253950715065002441e+00 0.000000000000000000e+00
1.346422195434570312e+00 1.255558967590332031e+00 0.000000000000000000e+00
1.279705524444580078e+00 1.235797286033630371e+00 0.000000000000000000e+00
1.243093729019165039e+00 1.243093729019165039e+00 0.000000000000000000e+00
1.202453613281250000e+00 1.245177149772644043e+00 0.000000000000000000e+00
1.196225047111511230e+00 1.282794356346130371e+00 0.000000000000000000e+00
1.204435110092163086e+00 1.337660670280456543e+00 0.000000000000000000e+00
1.194027423858642578e+00 1.373571515083312988e+00 0.000000000000000000e+00
1.182729244232177734e+00 1.409521818161010742e+00 0.000000000000000000e+00
1.189415574073791504e+00 1.468805789947509766e+00 0.000000000000000000e+00
1.188842296600341797e+00 1.521648764610290527e+00 0.000000000000000000e+00
1.180159211158752441e+00 1.566124200820922852e+00 0.000000000000000000e+00
1.176158308982849121e+00 1.618842959403991699e+00 0.000000000000000000e+00
1.165507316589355469e+00 1.664517045021057129e+00 0.000000000000000000e+00
1.160325288772583008e+00 1.720252990722656250e+00 0.000000000000000000e+00
1.162259697914123535e+00 1.789723038673400879e+00 0.000000000000000000e+00
1.147805094718933105e+00 1.836872100830078125e+00 0.000000000000000000e+00
1.144414544105529785e+00 1.904625654220581055e+00 0.000000000000000000e+00
1.411999940872192383e+00 2.445655584335327148e+00 0.000000000000000000e+00
1.377407193183898926e+00 2.703313827514648438e+00 0.000000000000000000e+00
1.382184267044067383e+00 2.833897829055786133e+00 0.000000000000000000e+00
1.091629981994628906e+00 3.170323610305786133e+00 0.000000000000000000e+00
5.265584588050842285e-01 3.324558973312377930e+00 0.000000000000000000e+00
4.474415481090545654e-01 3.183711767196655273e+00 0.000000000000000000e+00
4.167931973934173584e-01 3.394507884979248047e+00 0.000000000000000000e+00
3.455711305141448975e-01 3.287889480590820312e+00 0.000000000000000000e+00
2.775039374828338623e-01 3.171883821487426758e+00 0.000000000000000000e+00
2.319403141736984253e-01 3.316900491714477539e+00 0.000000000000000000e+00
1.654340028762817383e-01 3.156667947769165039e+00 0.000000000000000000e+00
1.126905158162117004e-01 3.227033138275146484e+00 0.000000000000000000e+00
5.600481107831001282e-02 3.208511352539062500e+00 0.000000000000000000e+00
3.814656679423933383e-08 3.134999990463256836e+00 0.000000000000000000e+00
-5.422459170222282410e-02 3.106526851654052734e+00 0.000000000000000000e+00
-1.102125719189643860e-01 3.156076192855834961e+00 0.000000000000000000e+00
-1.642825305461883545e-01 3.134698152542114258e+00 0.000000000000000000e+00
-2.182679623365402222e-01 3.121377944946289062e+00 0.000000000000000000e+00
-2.739304602146148682e-01 3.131039857864379883e+00 0.000000000000000000e+00
-3.279057443141937256e-01 3.119815349578857422e+00 0.000000000000000000e+00
-3.823041021823883057e-01 3.113617420196533203e+00 0.000000000000000000e+00
-4.354725778102874756e-01 3.098548650741577148e+00 0.000000000000000000e+00
-4.905784428119659424e-01 3.097390651702880859e+00 0.000000000000000000e+00
-5.530694127082824707e-01 3.136612653732299805e+00 0.000000000000000000e+00
-1.700423598289489746e+00 2.099848270416259766e+00 0.000000000000000000e+00
-1.739383339881896973e+00 2.072916269302368164e+00 0.000000000000000000e+00
-1.745773077011108398e+00 2.008282184600830078e+00 0.000000000000000000e+00
-1.763828158378601074e+00 1.958929777145385742e+00 0.000000000000000000e+00
-1.824345588684082031e+00 1.956371188163757324e+00 0.000000000000000000e+00
-1.885302782058715820e+00 1.952288269996643066e+00 0.000000000000000000e+00
-2.176002979278564453e+00 2.101341724395751953e+00 0.000000000000000000e+00
-1.163192749023437500e+00 -1.338100075721740723e+00 0.000000000000000000e+00
-1.103023529052734375e+00 -1.314532160758972168e+00 0.000000000000000000e+00
-1.072991371154785156e+00 -1.325033903121948242e+00 0.000000000000000000e+00
-1.034311294555664062e+00 -1.323858022689819336e+00 0.000000000000000000e+00
-1.013456583023071289e+00 -1.344902157783508301e+00 0.000000000000000000e+00
-9.821891784667968750e-01 -1.351867318153381348e+00 0.000000000000000000e+00
-9.429597258567810059e-01 -1.346686005592346191e+00 0.000000000000000000e+00
-8.952678442001342773e-01 -1.327289104461669922e+00 0.000000000000000000e+00
-8.795920610427856445e-01 -1.354452967643737793e+00 0.000000000000000000e+00
-8.468110561370849609e-01 -1.355180859565734863e+00 0.000000000000000000e+00
-1.041751056909561157e-01 -2.983181476593017578e+00 0.000000000000000000e+00
-5.256675928831100464e-02 -3.011541366577148438e+00 0.000000000000000000e+00
-1.107893226048872748e-07 -3.035000085830688477e+00 0.000000000000000000e+00
5.193825438618659973e-02 -2.975546836853027344e+00 0.000000000000000000e+00
1.045587807893753052e-01 -2.994174957275390625e+00 0.000000000000000000e+00
1.572694480419158936e-01 -3.000881910324096680e+00 0.000000000000000000e+00
2.078741788864135742e-01 -2.972740888595581055e+00 0.000000000000000000e+00
2.558891475200653076e-01 -2.924827814102172852e+00 0.000000000000000000e+00
3.102403581142425537e-01 -2.951740980148315430e+00 0.000000000000000000e+00
3.397716283798217773e-01 -2.767218828201293945e+00 0.000000000000000000e+00
8.484116792678833008e-01 -2.958763599395751953e+00 0.000000000000000000e+00
8.911488652229309082e-01 -2.914817094802856445e+00 0.000000000000000000e+00
1.000905990600585938e+00 -3.080472230911254883e+00 0.000000000000000000e+00
1.016098141670227051e+00 -2.950963497161865234e+00 0.000000000000000000e+00
1.086939930915832520e+00 -2.986343145370483398e+00 0.000000000000000000e+00
1.150002717971801758e+00 -2.995859622955322266e+00 0.000000000000000000e+00
1.192747235298156738e+00 -2.952153444290161133e+00 0.000000000000000000e+00
1.242134094238281250e+00 -2.926284790039062500e+00 0.000000000000000000e+00
1.285287737846374512e+00 -2.886803865432739258e+00 0.000000000000000000e+00
1.481256008148193359e+00 -3.037025213241577148e+00 0.000000000000000000e+00
1.528131842613220215e+00 -2.999127864837646484e+00 0.000000000000000000e+00
1.597142100334167480e+00 -3.003787755966186523e+00 0.000000000000000000e+00
1.638656497001647949e+00 -2.956214666366577148e+00 0.000000000000000000e+00
1.660499930381774902e+00 -2.876070499420166016e+00 0.000000000000000000e+00
1.795422673225402832e+00 -2.988085269927978516e+00 0.000000000000000000e+00
1.756460666656494141e+00 -2.704712629318237305e+00 0.000000000000000000e+00
1.764253497123718262e+00 -2.615613698959350586e+00 0.000000000000000000e+00
1.790705561637878418e+00 -2.557392835617065430e+00 0.000000000000000000e+00
1.741019725799560547e+00 -2.396308422088623047e+00 0.000000000000000000e+00
1.708552718162536621e+00 -2.267326354980468750e+00 0.000000000000000000e+00
1.709691762924194336e+00 -2.188305854797363281e+00 0.000000000000000000e+00
1.726855039596557617e+00 -2.132488489151000977e+00 0.000000000000000000e+00
1.701458811759948730e+00 -2.027719736099243164e+00 0.000000000000000000e+00
1.663109660148620605e+00 -1.913188934326171875e+00 0.000000000000000000e+00
1.686209082603454590e+00 -1.872725009918212891e+00 0.000000000000000000e+00
1.649753928184509277e+00 -1.769144654273986816e+00 0.000000000000000000e+00
1.666485309600830078e+00 -1.725696206092834473e+00 0.000000000000000000e+00
1.668064832687377930e+00 -1.668064951896667480e+00 0.000000000000000000e+00
1.671745538711547852e+00 -1.614386081695556641e+00 0.000000000000000000e+00
1.665292263031005859e+00 -1.552910327911376953e+00 0.000000000000000000e+00
1.677277803421020508e+00 -1.510227799415588379e+00 0.000000000000000000e+00
1.670172333717346191e+00 -1.451858758926391602e+00 0.000000000000000000e+00
1.660018324851989746e+00 -1.392920851707458496e+00 0.000000000000000000e+00
1.670086503028869629e+00 -1.352409601211547852e+00 0.000000000000000000e+00
1.672158718109130859e+00 -1.306433677673339844e+00 0.000000000000000000e+00
1.648383498191833496e+00 -1.242146253585815430e+00 0.000000000000000000e+00
1.653630614280700684e+00 -1.201433062553405762e+00 0.000000000000000000e+00
1.670251011848449707e+00 -1.169522404670715332e+00 0.000000000000000000e+00
1.663049340248107910e+00 -1.121741056442260742e+00 0.000000000000000000e+00
1.650503635406494141e+00 -1.071849703788757324e+00 0.000000000000000000e+00
1.658782005310058594e+00 -1.036522150039672852e+00 0.000000000000000000e+00
1.648332715034484863e+00 -9.904182553291320801e-01 0.000000000000000000e+00
1.652376413345336914e+00 -9.540000557899475098e-01 0.000000000000000000e+00
1.651281952857971191e+00 -9.153206348419189453e-01 0.000000000000000000e+00
1.645814299583435059e+00 -8.750950694084167480e-01 0.000000000000000000e+00
1.607375741004943848e+00 -8.189989328384399414e-01 0.000000000000000000e+00
1.648388266563415527e+00 -8.039727807044982910e-01 0.000000000000000000e+00
1.647667527198791504e+00 -7.683200836181640625e-01 0.000000000000000000e+00
1.624283790588378906e+00 -7.231778502464294434e-01 0.000000000000000000e+00
1.644942045211791992e+00 -6.982365846633911133e-01 0.000000000000000000e+00
1.644824147224426270e+00 -6.645522117614746094e-01 0.000000000000000000e+00
1.642167925834655762e+00 -6.303693056106567383e-01 0.000000000000000000e+00
1.650100231170654297e+00 -6.005874872207641602e-01 0.000000000000000000e+00
1.631965041160583496e+00 -5.619307160377502441e-01 0.000000000000000000e+00
1.616796135902404785e+00 -5.253289937973022461e-01 0.000000000000000000e+00
1.610417246818542480e+00 -4.923540353775024414e-01 0.000000000000000000e+00
1.630299806594848633e+00 -4.674810171127319336e-01 0.000000000000000000e+00
1.627584934234619141e+00 -4.361101388931274414e-01 0.000000000000000000e+00
1.630096793174743652e+00 -4.064288437366485596e-01 0.000000000000000000e+00
1.634992957115173340e+00 -3.774679303169250488e-01 0.000000000000000000e+00
1.621768712997436523e+00 -3.447176516056060791e-01 0.000000000000000000e+00
1.550971031188964844e+00 -3.014782965183258057e-01 0.000000000000000000e+00
1.605236649513244629e+00 -2.830466032028198242e-01 0.000000000000000000e+00
1.598079800605773926e+00 -2.531110346317291260e-01 0.000000000000000000e+00
1.605224609375000000e+00 -2.255996763706207275e-01 0.000000000000000000e+00
1.609909772872924805e+00 -1.976721435785293579e-01 0.000000000000000000e+00
1.597202062606811523e+00 -1.678727865219116211e-01 0.000000000000000000e+00
1.601881146430969238e+00 -1.401465088129043579e-01 0.000000000000000000e+00
1.616053819656372070e+00 -1.130055636167526245e-01 0.000000000000000000e+00
1.611788034439086914e+00 -8.447030931711196899e-02 0.000000000000000000e+00
1.641999125480651855e+00 -5.733995139598846436e-02 0.000000000000000000e+00
1.645749330520629883e+00 -2.872674167156219482e-02 0.000000000000000000e+00
