1.662999987602233887e+00 0.000000000000000000e+00 0.000000000000000000e+00
1.635750889778137207e+00 2.855213731527328491e-02 0.000000000000000000e+00
1.700963258743286133e+00 5.939894542098045349e-02 0.000000000000000000e+00
1.695672869682312012e+00 8.886644989252090454e-02 0.000000000000000000e+00
1.725785851478576660e+00 1.206787005066871643e-01 0.000000000000000000e+00
1.744336962699890137e+00 1.526097059249877930e-01 0.000000000000000000e+00
1.756325721740722656e+00 1.845972687005996704e-01 0.000000000000000000e+00
1.718097329139709473e+00 2.109558284282684326e-01 0.000000000000000000e+00
1.724056720733642578e+00 2.423003762960433960e-01 0.000000000000000000e+00
1.744257688522338867e+00 2.762632668018341064e-01 0.000000000000000000e+00
1.720459103584289551e+00 3.033633530139923096e-01 0.000000000000000000e+00
1.751222968101501465e+00 3.404032588005065918e-01 0.000000000000000000e+00
1.738168239593505859e+00 3.694590628147125244e-01 0.000000000000000000e+00
1.758737921714782715e+00 4.060366451740264893e-01 0.000000000000000000e+00
1.777581810951232910e+00 4.432009160518646240e-01 0.000000000000000000e+00
1.787928700447082520e+00 4.790740311145782471e-01 0.000000000000000000e+00
1.712968349456787109e+00 4.911857545375823975e-01 0.000000000000000000e+00
1.745256185531616211e+00 5.335783958435058594e-01 0.000000000000000000e+00
1.763258814811706543e+00 5.729175209999084473e-01 0.000000000000000000e+00
1.765283107757568359e+00 6.078357100486755371e-01 0.000000000000000000e+00
1.764742732048034668e+00 6.423138380050659180e-01 0.000000000000000000e+00
1.789673686027526855e+00 6.869913935661315918e-01 0.000000000000000000e+00
1.777411460876464844e+00 7.181208729743957520e-01 0.000000000000000000e+00
1.790382027626037598e+00 7.599720358848571777e-01 0.000000000000000000e+00
1.793289780616760254e+00 7.984240651130676270e-01 0.000000000000000000e+00
1.815334558486938477e+00 8.465043902397155762e-01 0.000000000000000000e+00
1.843426704406738281e+00 8.990992903709411621e-01 0.000000000000000000e+00
1.839037418365478516e+00 9.370363354682922363e-01 0.000000000000000000e+00
1.798564195632934570e+00 9.563135504722595215e-01 0.000000000000000000e+00
1.862065315246582031e+00 1.032159686088562012e+00 0.000000000000000000e+00
1.752835392951965332e+00 1.011999964714050293e+00 0.000000000000000000e+00
1.733192324638366699e+00 1.041406989097595215e+00 0.000000000000000000e+00
1.681679368019104004e+00 1.050829887390136719e+00 0.000000000000000000e+00
1.621150135993957520e+00 1.052787184715270996e+00 0.000000000000000000e+00
1.558590650558471680e+00 1.051282644271850586e+00 0.000000000000000000e+00
1.533452630043029785e+00 1.073735117912292480e+00 0.000000000000000000e+00
1.556548714637756348e+00 1.130898833274841309e+00 0.000000000000000000e+00
1.556540608406066895e+00 1.172937512397766113e+00 0.000000000000000000e+00
1.561837315559387207e+00 1.220241069793701172e+00 0.000000000000000000e+00
1.547297716140747070e+00 1.252976894378662109e+00 0.000000000000000000e+00
1.568859100341796875e+00 1.316429138183593750e+00 0.000000000000000000e+00
1.573569536209106445e+00 1.367883086204528809e+00 0.000000000000000000e+00
1.585127830505371094e+00 1.427255511283874512e+00 0.000000000000000000e+00
1.593619704246520996e+00 1.486074328422546387e+00 0.000000000000000000e+00
1.588302254676818848e+00 1.533805608749389648e+00 0.000000000000000000e+00
1.600182652473449707e+00 1.600182652473449707e+00 0.000000000000000000e+00
1.582431912422180176e+00 1.638656139373779297e+00 0.000000000000000000e+00
1.572006225585937500e+00 1.685770273208618164e+00 0.000000000000000000e+00
1.913044452667236328e+00 2.124650955200195312e+00 0.000000000000000000e+00
1.917660593986511230e+00 2.206016063690185547e+00 0.000000000000000000e+00
1.920649290084838867e+00 2.288940668106079102e+00 0.000000000000000000e+00
1.886702537536621094e+00 2.329883575439453125e+00 0.000000000000000000e+00
1.930098772048950195e+00 2.470413684844970703e+00 0.000000000000000000e+00
1.599708199501037598e+00 2.662361621856689453e+00 0.000000000000000000e+00
1.206624984741210938e+00 3.143365383148193359e+00 0.000000000000000000e+00
1.151239752769470215e+00 3.163005352020263672e+00 0.000000000000000000e+00
1.114419817924499512e+00 3.236510276794433594e+00 0.000000000000000000e+00
1.030880689620971680e+00 3.172724485397338867e+00 0.000000000000000000e+00
9.645342826843261719e-01 3.154849290847778320e+00 0.000000000000000000e+00
9.178724288940429688e-01 3.201001405715942383e+00 0.000000000000000000e+00
8.641968369483947754e-01 3.225226402282714844e+00 0.000000000000000000e+00
7.973746061325073242e-01 3.198094606399536133e+00 0.000000000000000000e+00
7.265919446945190430e-01 3.147215366363525391e+00 0.000000000000000000e+00
6.705152392387390137e-01 3.154525995254516602e+00 0.000000000000000000e+00
6.140233874320983887e-01 3.158876180648803711e+00 0.000000000000000000e+00
5.624464750289916992e-01 3.189792394638061523e+00 0.000000000000000000e+00
4.980873763561248779e-01 3.144799709320068359e+00 0.000000000000000000e+00
4.477199018001556396e-01 3.185692310333251953e+00 0.000000000000000000e+00
3.921755850315093994e-01 3.194013357162475586e+00 0.000000000000000000e+00
3.378360271453857422e-01 3.214294910430908203e+00 0.000000000000000000e+00
2.808158397674560547e-01 3.209739208221435547e+00 0.000000000000000000e+00
2.224534302949905396e-01 3.181231737136840820e+00 0.000000000000000000e+00
1.676321029663085938e-01 3.198610544204711914e+00 0.000000000000000000e+00
1.120972186326980591e-01 3.210043191909790039e+00 0.000000000000000000e+00
5.743590742349624634e-02 3.290498733520507812e+00 0.000000000000000000e+00
3.953371674469963182e-08 3.249000072479248047e+00 0.000000000000000000e+00
-5.682499706745147705e-02 3.255504131317138672e+00 0.000000000000000000e+00
-1.132488250732421875e-01 3.243023157119750977e+00 0.000000000000000000e+00
-1.779422163963317871e-01 3.395340442657470703e+00 0.000000000000000000e+00
-2.278245985507965088e-01 3.258044242858886719e+00 0.000000000000000000e+00
-2.861322462558746338e-01 3.270507097244262695e+00 0.000000000000000000e+00
-3.456755876541137695e-01 3.288883924484252930e+00 0.000000000000000000e+00
-4.019250571727752686e-01 3.273417234420776367e+00 0.000000000000000000e+00
-4.640030860900878906e-01 3.301553964614868164e+00 0.000000000000000000e+00
-5.163901448249816895e-01 3.260359287261962891e+00 0.000000000000000000e+00
-5.891882181167602539e-01 3.341452598571777344e+00 0.000000000000000000e+00
-7.814798951148986816e-01 3.384961605072021484e+00 0.000000000000000000e+00
-8.428558111190795898e-01 3.380510330200195312e+00 0.000000000000000000e+00
-8.924080133438110352e-01 3.330512285232543945e+00 0.000000000000000000e+00
-2.050068378448486328e+00 9.559625983238220215e-01 0.000000000000000000e+00
-2.007059335708618164e+00 8.936004638671875000e-01 0.000000000000000000e+00
-1.264739394187927246e+00 -1.061242341995239258e+00 0.000000000000000000e+00
-1.221120119094848633e+00 -1.061503529548645020e+00 0.000000000000000000e+00
-1.202408432960510254e+00 -1.082653284072875977e+00 0.000000000000000000e+00
-1.154076099395751953e+00 -1.076193332672119141e+00 0.000000000000000000e+00
-1.111379981040954590e+00 -1.073247075080871582e+00 0.000000000000000000e+00
-1.126421213150024414e+00 -1.126421093940734863e+00 0.000000000000000000e+00
-1.087835073471069336e+00 -1.126486063003540039e+00 0.000000000000000000e+00
-4.538164734840393066e-01 -2.865283966064453125e+00 0.000000000000000000e+00
-4.065247178077697754e-01 -2.892573118209838867e+00 0.000000000000000000e+00
-3.532993197441101074e-01 -2.877391099929809570e+00 0.000000000000000000e+00
-3.068956732749938965e-01 -2.919916391372680664e+00 0.000000000000000000e+00
-2.542334198951721191e-01 -2.905900001525878906e+00 0.000000000000000000e+00
-2.025031596422195435e-01 -2.895928621292114258e+00 0.000000000000000000e+00
-1.521930694580078125e-01 -2.904014587402343750e+00 0.000000000000000000e+00
-1.013831421732902527e-01 -2.903230428695678711e+00 0.000000000000000000e+00
4.702419042587280273e-01 -2.968991279602050781e+00 0.000000000000000000e+00
5.265011787414550781e-01 -2.985937118530273438e+00 0.000000000000000000e+00
5.825397372245788574e-01 -2.996907711029052734e+00 0.000000000000000000e+00
6.376650333404541016e-01 -2.999978542327880859e+00 0.000000000000000000e+00
6.912744641304016113e-01 -2.994239091873168945e+00 0.000000000000000000e+00
7.446355223655700684e-01 -2.986570358276367188e+00 0.000000000000000000e+00
8.458204865455627441e-01 -3.156645536422729492e+00 0.000000000000000000e+00
1.145343899726867676e+00 -2.983723163604736328e+00 0.000000000000000000e+00
1.300353050231933594e+00 -3.063440322875976562e+00 0.000000000000000000e+00
1.390225768089294434e+00 -3.122498512268066406e+00 0.000000000000000000e+00
1.389991402626037598e+00 -2.980846405029296875e+00 0.000000000000000000e+00
1.384375929832458496e+00 -2.838391542434692383e+00 0.000000000000000000e+00
1.313848376274108887e+00 -2.578572988510131836e+00 0.000000000000000000e+00
1.384471535682678223e+00 -2.603812456130981445e+00 0.000000000000000000e+00
1.391888380050659180e+00 -2.511033296585083008e+00 0.000000000000000000e+00
1.415499925613403320e+00 -2.451718091964721680e+00 0.000000000000000000e+00
1.409659147262573242e+00 -2.346066951751708984e+00 0.000000000000000000e+00
1.417003989219665527e+00 -2.267680644989013672e+00 0.000000000000000000e+00
1.452007532119750977e+00 -2.235895633697509766e+00 0.000000000000000000e+00
1.451664686203002930e+00 -2.152181625366210938e+00 0.000000000000000000e+00
1.484415769577026367e+00 -2.119965553283691406e+00 0.000000000000000000e+00
1.490035533905029297e+00 -2.050858259201049805e+00 0.000000000000000000e+00
1.483473896980285645e+00 -1.968636512756347656e+00 0.000000000000000000e+00
1.485591173171997070e+00 -1.901470065116882324e+00 0.000000000000000000e+00
1.501558303833007812e+00 -1.854270219802856445e+00 0.000000000000000000e+00
1.495123863220214844e+00 -1.781819462776184082e+00 0.000000000000000000e+00
1.504343271255493164e+00 -1.730549097061157227e+00 0.000000000000000000e+00
1.516919016838073730e+00 -1.684709310531616211e+00 0.000000000000000000e+00
1.529722213745117188e+00 -1.640426397323608398e+00 0.000000000000000000e+00
1.535194993019104004e+00 -1.589741110801696777e+00 0.000000000000000000e+00
1.545735478401184082e+00 -1.545735597610473633e+00 0.000000000000000000e+00
1.539387226104736328e+00 -1.486569046974182129e+00 0.000000000000000000e+00
1.521215558052062988e+00 -1.418556571006774902e+00 0.000000000000000000e+00
1.544998049736022949e+00 -1.391122579574584961e+00 0.000000000000000000e+00
1.539607405662536621e+00 -1.338360428810119629e+00 0.000000000000000000e+00
1.551239967346191406e+00 -1.301645040512084961e+00 0.000000000000000000e+00
1.569834828376770020e+00 -1.271227240562438965e+00 0.000000000000000000e+00
1.570505380630493164e+00 -1.227013349533081055e+00 0.000000000000000000e+00
1.563728213310241699e+00 -1.178353905677795410e+00 0.000000000000000000e+00
1.588100314140319824e+00 -1.153822541236877441e+00 0.000000000000000000e+00
1.600623011589050293e+00 -1.120768427848815918e+00 0.000000000000000000e+00
1.554445385932922363e+00 -1.048486709594726562e+00 0.000000000000000000e+00
1.595990061759948730e+00 -1.036448121070861816e+00 0.000000000000000000e+00
1.559560418128967285e+00 -9.745215773582458496e-01 0.000000000000000000e+00
1.590045332908630371e+00 -9.553956985473632812e-01 0.000000000000000000e+00
1.605611085891723633e+00 -9.270000457763671875e-01 0.000000000000000000e+00
1.606676340103149414e+00 -8.905953764915466309e-01 0.000000000000000000e+00
1.605198621749877930e+00 -8.534993529319763184e-01 0.000000000000000000e+00
1.607375741004943848e+00 -8.189989328384399414e-01 0.000000000000000000e+00
1.627715945243835449e+00 -7.938902378082275391e-01 0.000000000000000000e+00
1.590570092201232910e+00 -7.416951060295104980e-01 0.000000000000000000e+00
1.611494183540344238e+00 -7.174835205078125000e-01 0.000000000000000000e+00
1.644942045211791992e+00 -6.982365846633911133e-01 0.000000000000000000e+00
1.636479496955871582e+00 -6.611807346343994141e-01 0.000000000000000000e+00
1.639367222785949707e+00 -6.292942166328430176e-01 0.000000000000000000e+00
1.638823866844177246e+00 -5.964831709861755371e-01 0.000000000000000000e+00
1.647093296051025391e+00 -5.671398043632507324e-01 0.000000000000000000e+00
1.645327806472778320e+00 -5.345994830131530762e-01 0.000000000000000000e+00
1.660144925117492676e+00 -5.075573325157165527e-01 0.000000000000000000e+00
1.641834855079650879e+00 -4.707886576652526855e-01 0.000000000000000000e+00
1.663324236869812012e+00 -4.456864595413208008e-01 0.000000000000000000e+00
1.659205675125122070e+00 -4.136865139007568359e-01 0.000000000000000000e+00
1.680788397789001465e+00 -3.880406618118286133e-01 0.000000000000000000e+00
1.660894513130187988e+00 -3.530341088771820068e-01 0.000000000000000000e+00
1.670729517936706543e+00 -3.247569799423217773e-01 0.000000000000000000e+00
1.645613789558410645e+00 -2.901661694049835205e-01 0.000000000000000000e+00
1.675119400024414062e+00 -2.653129398822784424e-01 0.000000000000000000e+00
1.665630936622619629e+00 -2.340892404317855835e-01 0.000000000000000000e+00
1.675417900085449219e+00 -2.057155221700668335e-01 0.000000000000000000e+00
1.656873464584350586e+00 -1.741445064544677734e-01 0.000000000000000000e+00
1.696519494056701660e+00 -1.484263092279434204e-01 0.000000000000000000e+00
1.696856379508972168e+00 -1.186558380722999573e-01 0.000000000000000000e+00
1.679694890975952148e+00 -8.802916109561920166e-02 0.000000000000000000e+00
1.688970565795898438e+00 -5.898023396730422974e-02 0.000000000000000000e+00
1.704740405082702637e+00 -2.975643612444400787e-02 0.000000000000000000e+00
