1.605999946594238281e+00 0.000000000000000000e+00 0.000000000000000000e+00
1.618753433227539062e+00 2.825544588267803192e-02 0.000000000000000000e+00
1.592029690742492676e+00 5.559489876031875610e-02 0.000000000000000000e+00
1.612786650657653809e+00 8.452256768941879272e-02 0.000000000000000000e+00
1.580141425132751465e+00 1.104942560195922852e-01 0.000000000000000000e+00
1.622801065444946289e+00 1.419766992330551147e-01 0.000000000000000000e+00
1.583278894424438477e+00 1.664093136787414551e-01 0.000000000000000000e+00
1.567230343818664551e+00 1.924316883087158203e-01 0.000000000000000000e+00
1.614136934280395508e+00 2.268521487712860107e-01 0.000000000000000000e+00
1.613882660865783691e+00 2.556138932704925537e-01 0.000000000000000000e+00
1.611145496368408203e+00 2.840884327888488770e-01 0.000000000000000000e+00
1.605942130088806152e+00 3.121635317802429199e-01 0.000000000000000000e+00
1.612965464591979980e+00 3.428463935852050781e-01 0.000000000000000000e+00
1.613556861877441406e+00 3.725189566612243652e-01 0.000000000000000000e+00
1.625245332717895508e+00 4.052191674709320068e-01 0.000000000000000000e+00
1.596675395965576172e+00 4.278278648853302002e-01 0.000000000000000000e+00
1.572624206542968750e+00 4.509427249431610107e-01 0.000000000000000000e+00
1.584596872329711914e+00 4.844599068164825439e-01 0.000000000000000000e+00
1.591117501258850098e+00 5.169854164123535156e-01 0.000000000000000000e+00
1.595089912414550781e+00 5.492334961891174316e-01 0.000000000000000000e+00
1.589959979057312012e+00 5.786980986595153809e-01 0.000000000000000000e+00
1.581485271453857422e+00 6.070753335952758789e-01 0.000000000000000000e+00
1.572503805160522461e+00 6.353327631950378418e-01 0.000000000000000000e+00
1.589711904525756836e+00 6.747926473617553711e-01 0.000000000000000000e+00
1.588655471801757812e+00 7.073150277137756348e-01 0.000000000000000000e+00
1.587851166725158691e+00 7.404271960258483887e-01 0.000000000000000000e+00
1.586371541023254395e+00 7.737250328063964844e-01 0.000000000000000000e+00
1.624304890632629395e+00 8.276246786117553711e-01 0.000000000000000000e+00
1.556636571884155273e+00 8.276783823966979980e-01 0.000000000000000000e+00
1.551575422286987305e+00 8.600522875785827637e-01 0.000000000000000000e+00
1.592620730400085449e+00 9.194999933242797852e-01 0.000000000000000000e+00
1.578902125358581543e+00 9.487001299858093262e-01 0.000000000000000000e+00
1.596874594688415527e+00 9.978379607200622559e-01 0.000000000000000000e+00
1.564959287643432617e+00 1.016296505928039551e+00 0.000000000000000000e+00
1.585119843482971191e+00 1.069176793098449707e+00 0.000000000000000000e+00
1.582601785659790039e+00 1.108149647712707520e+00 0.000000000000000000e+00
1.575156092643737793e+00 1.144417881965637207e+00 0.000000000000000000e+00
1.562131047248840332e+00 1.177150130271911621e+00 0.000000000000000000e+00
1.507464528083801270e+00 1.177760362625122070e+00 0.000000000000000000e+00
1.462588667869567871e+00 1.184381008148193359e+00 0.000000000000000000e+00
1.417182207107543945e+00 1.189157128334045410e+00 0.000000000000000000e+00
1.369043231010437012e+00 1.190091133117675781e+00 0.000000000000000000e+00
1.307191729545593262e+00 1.177000641822814941e+00 0.000000000000000000e+00
1.290107965469360352e+00 1.203045129776000977e+00 0.000000000000000000e+00
1.279705524444580078e+00 1.235797286033630371e+00 0.000000000000000000e+00
1.296833872795104980e+00 1.296833872795104980e+00 0.000000000000000000e+00
1.285117983818054199e+00 1.330778598785400391e+00 0.000000000000000000e+00
1.289658904075622559e+00 1.382989883422851562e+00 0.000000000000000000e+00
1.286738157272338867e+00 1.429067492485046387e+00 0.000000000000000000e+00
1.293092370033264160e+00 1.487532496452331543e+00 0.000000000000000000e+00
1.286217927932739258e+00 1.532854914665222168e+00 0.000000000000000000e+00
1.288218855857849121e+00 1.590817689895629883e+00 0.000000000000000000e+00
1.276881814002990723e+00 1.634334206581115723e+00 0.000000000000000000e+00
1.290291428565979004e+00 1.712274551391601562e+00 0.000000000000000000e+00
1.290776491165161133e+00 1.776601433753967285e+00 0.000000000000000000e+00
1.278501987457275391e+00 1.825889945030212402e+00 0.000000000000000000e+00
1.373377799987792969e+00 2.036116361618041992e+00 0.000000000000000000e+00
1.521721482276916504e+00 2.343245506286621094e+00 0.000000000000000000e+00
1.509576559066772461e+00 2.512357234954833984e+00 0.000000000000000000e+00
1.578999996185302734e+00 2.734908103942871094e+00 0.000000000000000000e+00
1.140302419662475586e+00 2.822347640991210938e+00 0.000000000000000000e+00
7.340153455734252930e-01 3.179369449615478516e+00 0.000000000000000000e+00
6.757130026817321777e-01 3.178979635238647461e+00 0.000000000000000000e+00
6.228005886077880859e-01 3.204030990600585938e+00 0.000000000000000000e+00
5.598417520523071289e-01 3.175020217895507812e+00 0.000000000000000000e+00
5.106021165847778320e-01 3.223814725875854492e+00 0.000000000000000000e+00
2.889522314071655273e-01 2.353327035903930664e+00 0.000000000000000000e+00
2.519136369228363037e-01 2.396797895431518555e+00 0.000000000000000000e+00
2.069949209690093994e-01 2.365962505340576172e+00 0.000000000000000000e+00
1.646950691938400269e-01 2.355248689651489258e+00 0.000000000000000000e+00
1.246119439601898193e-01 2.377737045288085938e+00 0.000000000000000000e+00
8.274673670530319214e-02 2.369555711746215820e+00 0.000000000000000000e+00
4.186835139989852905e-02 2.398634433746337891e+00 0.000000000000000000e+00
2.947080979254224076e-08 2.421999931335449219e+00 0.000000000000000000e+00
-4.097822308540344238e-02 2.347642421722412109e+00 0.000000000000000000e+00
-1.127951368689537048e-01 3.230031251907348633e+00 0.000000000000000000e+00
-1.655385941267013550e-01 3.158665418624877930e+00 0.000000000000000000e+00
-2.284524142742156982e-01 3.267022371292114258e+00 0.000000000000000000e+00
-2.752377986907958984e-01 3.145982742309570312e+00 0.000000000000000000e+00
-3.276966810226440430e-01 3.117826223373413086e+00 0.000000000000000000e+00
-3.843758702278137207e-01 3.130490541458129883e+00 0.000000000000000000e+00
-4.343592226505279541e-01 3.090626716613769531e+00 0.000000000000000000e+00
-4.952714443206787109e-01 3.127021074295043945e+00 0.000000000000000000e+00
-1.509351968765258789e+00 2.002977848052978516e+00 0.000000000000000000e+00
-1.512680172920227051e+00 1.936142444610595703e+00 0.000000000000000000e+00
-1.500929117202758789e+00 1.853493094444274902e+00 0.000000000000000000e+00
-1.525977849960327148e+00 1.818589568138122559e+00 0.000000000000000000e+00
-1.546331167221069336e+00 1.778850555419921875e+00 0.000000000000000000e+00
-1.547699093818664551e+00 1.718894004821777344e+00 0.000000000000000000e+00
-1.573370099067687988e+00 1.687232971191406250e+00 0.000000000000000000e+00
-1.622027277946472168e+00 1.679658532142639160e+00 0.000000000000000000e+00
-1.690692305564880371e+00 1.690692424774169922e+00 0.000000000000000000e+00
-3.102484703063964844e+00 1.580795049667358398e+00 0.000000000000000000e+00
-3.082352876663208008e+00 1.437324762344360352e+00 0.000000000000000000e+00
-3.140769243240356445e+00 1.398360610008239746e+00 0.000000000000000000e+00
-3.357980728149414062e+00 7.137609124183654785e-01 0.000000000000000000e+00
-3.365999460220336914e+00 6.542841196060180664e-01 0.000000000000000000e+00
-1.737920403480529785e+00 2.442488372325897217e-01 0.000000000000000000e+00
-1.701224088668823242e+00 2.088840901851654053e-01 0.000000000000000000e+00
-1.734446167945861816e+00 1.822976768016815186e-01 0.000000000000000000e+00
-1.730390191078186035e+00 1.513895690441131592e-01 0.000000000000000000e+00
-1.688875913619995117e+00 1.180977448821067810e-01 0.000000000000000000e+00
-1.672704458236694336e+00 8.766276389360427856e-02 0.000000000000000000e+00
-1.971798181533813477e+00 6.885675340890884399e-02 0.000000000000000000e+00
-3.175516366958618164e+00 5.542892217636108398e-02 0.000000000000000000e+00
-1.815000057220458984e+00 4.416971322029894509e-08 0.000000000000000000e+00
-1.156669259071350098e+00 -1.240375876426696777e+00 0.000000000000000000e+00
-1.139529466629028320e+00 -1.265575528144836426e+00 0.000000000000000000e+00
-1.108739852905273438e+00 -1.275459170341491699e+00 0.000000000000000000e+00
-1.068313002586364746e+00 -1.273165822029113770e+00 0.000000000000000000e+00
-1.067956805229187012e+00 -1.318816661834716797e+00 0.000000000000000000e+00
-9.992186427116394043e-01 -1.278941392898559570e+00 0.000000000000000000e+00
-9.689222574234008789e-01 -1.285803198814392090e+00 0.000000000000000000e+00
-9.339907765388488770e-01 -1.285527944564819336e+00 0.000000000000000000e+00
-9.028093814849853516e-01 -1.289345264434814453e+00 0.000000000000000000e+00
-8.907943964004516602e-01 -1.320656895637512207e+00 0.000000000000000000e+00
-8.610743284225463867e-01 -1.325938105583190918e+00 0.000000000000000000e+00
-8.325031995773315430e-01 -1.332283496856689453e+00 0.000000000000000000e+00
-7.993391752243041992e-01 -1.330323696136474609e+00 0.000000000000000000e+00
-1.693924903869628906e+00 -3.055921077728271484e+00 0.000000000000000000e+00
-1.483641028404235840e+00 -2.911809206008911133e+00 0.000000000000000000e+00
-1.093096494674682617e+00 -3.003257751464843750e+00 0.000000000000000000e+00
-1.037260293960571289e+00 -3.012422323226928711e+00 0.000000000000000000e+00
-9.870004057884216309e-01 -3.037674427032470703e+00 0.000000000000000000e+00
-9.323734641075134277e-01 -3.049655675888061523e+00 0.000000000000000000e+00
-8.759756088256835938e-01 -3.054889678955078125e+00 0.000000000000000000e+00
-8.675615787506103516e-01 -3.237783432006835938e+00 0.000000000000000000e+00
-6.597815752029418945e-01 -2.857827425003051758e+00 0.000000000000000000e+00
-6.083497405052185059e-01 -2.862060070037841797e+00 0.000000000000000000e+00
-2.115017473697662354e-01 -3.024614334106445312e+00 0.000000000000000000e+00
-1.564322859048843384e-01 -2.984903812408447266e+00 0.000000000000000000e+00
-1.031979173421859741e-01 -2.955198764801025391e+00 0.000000000000000000e+00
-5.185120552778244019e-02 -2.970547437667846680e+00 0.000000000000000000e+00
-1.079055138575313322e-07 -2.956000089645385742e+00 0.000000000000000000e+00
5.199060961604118347e-02 -2.978546380996704102e+00 0.000000000000000000e+00
1.037560924887657166e-01 -2.971189022064208984e+00 0.000000000000000000e+00
1.552806794643402100e-01 -2.962933778762817383e+00 0.000000000000000000e+00
2.104551643133163452e-01 -3.009650707244873047e+00 0.000000000000000000e+00
7.228624820709228516e-01 -2.899243593215942383e+00 0.000000000000000000e+00
7.950919866561889648e-01 -2.967324256896972656e+00 0.000000000000000000e+00
8.517193198204040527e-01 -2.970298528671264648e+00 0.000000000000000000e+00
9.013818502426147461e-01 -2.948287487030029297e+00 0.000000000000000000e+00
9.428107738494873047e-01 -2.901673555374145508e+00 0.000000000000000000e+00
1.005354404449462891e+00 -2.919761419296264648e+00 0.000000000000000000e+00
1.071891069412231445e+00 -2.944996833801269531e+00 0.000000000000000000e+00
1.173296570777893066e+00 -3.056542396545410156e+00 0.000000000000000000e+00
1.494990587234497070e+00 -2.934084415435791016e+00 0.000000000000000000e+00
1.587752699851989746e+00 -2.986128807067871094e+00 0.000000000000000000e+00
1.650776624679565430e+00 -2.978080034255981445e+00 0.000000000000000000e+00
1.661512732505798340e+00 -2.765221834182739258e+00 0.000000000000000000e+00
1.650698423385620117e+00 -2.641669988632202148e+00 0.000000000000000000e+00
1.650800704956054688e+00 -2.542010545730590820e+00 0.000000000000000000e+00
1.648500561714172363e+00 -2.444002866744995117e+00 0.000000000000000000e+00
1.663371562957763672e+00 -2.375540971755981445e+00 0.000000000000000000e+00
1.654027581214904785e+00 -2.276573896408081055e+00 0.000000000000000000e+00
1.648973107337951660e+00 -2.188261270523071289e+00 0.000000000000000000e+00
1.622883558273315430e+00 -2.077196359634399414e+00 0.000000000000000000e+00
1.614206790924072266e+00 -1.993379473686218262e+00 0.000000000000000000e+00
1.612111210823059082e+00 -1.921239495277404785e+00 0.000000000000000000e+00
1.610624790191650391e+00 -1.852812051773071289e+00 0.000000000000000000e+00
1.615950345993041992e+00 -1.794694781303405762e+00 0.000000000000000000e+00
1.620427966117858887e+00 -1.737696409225463867e+00 0.000000000000000000e+00
1.635225772857666016e+00 -1.693325996398925781e+00 0.000000000000000000e+00
1.615738987922668457e+00 -1.615739107131958008e+00 0.000000000000000000e+00
1.625707864761352539e+00 -1.569927930831909180e+00 0.000000000000000000e+00
1.621411085128784180e+00 -1.511990427970886230e+00 0.000000000000000000e+00
1.631202816963195801e+00 -1.468741655349731445e+00 0.000000000000000000e+00
1.622625589370727539e+00 -1.410526990890502930e+00 0.000000000000000000e+00
1.614821672439575195e+00 -1.354996323585510254e+00 0.000000000000000000e+00
1.600920557975769043e+00 -1.296400070190429688e+00 0.000000000000000000e+00
1.626453995704650879e+00 -1.270725250244140625e+00 0.000000000000000000e+00
1.635605573654174805e+00 -1.232517242431640625e+00 0.000000000000000000e+00
1.650394558906555176e+00 -1.199082016944885254e+00 0.000000000000000000e+00
1.634208321571350098e+00 -1.144285082817077637e+00 0.000000000000000000e+00
1.597555398941040039e+00 -1.077564835548400879e+00 0.000000000000000000e+00
1.632891535758972168e+00 -1.060412287712097168e+00 0.000000000000000000e+00
1.625708222389221191e+00 -1.015855312347412109e+00 0.000000000000000000e+00
1.643189668655395508e+00 -9.873281121253967285e-01 0.000000000000000000e+00
1.588290572166442871e+00 -9.170000553131103516e-01 0.000000000000000000e+00
1.618046402931213379e+00 -8.968978524208068848e-01 0.000000000000000000e+00
1.628155350685119629e+00 -8.657056093215942383e-01 0.000000000000000000e+00
1.627868890762329102e+00 -8.294407129287719727e-01 0.000000000000000000e+00
1.619626879692077637e+00 -7.899448871612548828e-01 0.000000000000000000e+00
1.611415266990661621e+00 -7.514153122901916504e-01 0.000000000000000000e+00
1.618802428245544434e+00 -7.207373976707458496e-01 0.000000000000000000e+00
1.612724423408508301e+00 -6.845610141754150391e-01 0.000000000000000000e+00
1.590120315551757812e+00 -6.424503922462463379e-01 0.000000000000000000e+00
1.606691837310791016e+00 -6.167513132095336914e-01 0.000000000000000000e+00
1.609693527221679688e+00 -5.858805775642395020e-01 0.000000000000000000e+00
1.599817395210266113e+00 -5.508614182472229004e-01 0.000000000000000000e+00
1.615844964981079102e+00 -5.250199437141418457e-01 0.000000000000000000e+00
1.601810455322265625e+00 -4.897226691246032715e-01 0.000000000000000000e+00
1.624532341957092285e+00 -4.658272266387939453e-01 0.000000000000000000e+00
1.586050152778625488e+00 -4.249809384346008301e-01 0.000000000000000000e+00
1.586433529853820801e+00 -3.955423831939697266e-01 0.000000000000000000e+00
1.630121111869812012e+00 -3.763431906700134277e-01 0.000000000000000000e+00
1.591446161270141602e+00 -3.382723927497863770e-01 0.000000000000000000e+00
1.608886957168579102e+00 -3.127360343933105469e-01 0.000000000000000000e+00
1.608191013336181641e+00 -2.835675477981567383e-01 0.000000000000000000e+00
1.610919713973999023e+00 -2.551446855068206787e-01 0.000000000000000000e+00
1.614136934280395508e+00 -2.268522232770919800e-01 0.000000000000000000e+00
1.592043995857238770e+00 -1.954784989356994629e-01 0.000000000000000000e+00
1.599191188812255859e+00 -1.680818498134613037e-01 0.000000000000000000e+00
1.615827798843383789e+00 -1.413666903972625732e-01 0.000000000000000000e+00
1.583134174346923828e+00 -1.107036024332046509e-01 0.000000000000000000e+00
1.576835989952087402e+00 -8.263855427503585815e-02 0.000000000000000000e+00
1.594028353691101074e+00 -5.566477403044700623e-02 0.000000000000000000e+00
1.607755184173583984e+00 -2.806354872882366180e-02 0.000000000000000000e+00
