1.713999986648559570e+00 0.000000000000000000e+00 0.000000000000000000e+00
1.675744771957397461e+00 2.925023250281810760e-02 0.000000000000000000e+00
1.633004546165466309e+00 5.702577531337738037e-02 0.000000000000000000e+00
1.718641400337219238e+00 9.007018059492111206e-02 0.000000000000000000e+00
1.721795558929443359e+00 1.203996688127517700e-01 0.000000000000000000e+00
1.738359808921813965e+00 1.520867645740509033e-01 0.000000000000000000e+00
1.722511887550354004e+00 1.810432970523834229e-01 0.000000000000000000e+00
1.731000423431396484e+00 2.125401347875595093e-01 0.000000000000000000e+00
1.761686921119689941e+00 2.475889474153518677e-01 0.000000000000000000e+00
1.749196052551269531e+00 2.770454287528991699e-01 0.000000000000000000e+00
1.743109703063964844e+00 3.073572814464569092e-01 0.000000000000000000e+00
1.730608701705932617e+00 3.363962471485137939e-01 0.000000000000000000e+00
1.762621998786926270e+00 3.746568858623504639e-01 0.000000000000000000e+00
1.752891778945922852e+00 4.046869575977325439e-01 0.000000000000000000e+00
1.760116457939147949e+00 4.388463199138641357e-01 0.000000000000000000e+00
1.745427966117858887e+00 4.676860272884368896e-01 0.000000000000000000e+00
1.758147597312927246e+00 5.041407346725463867e-01 0.000000000000000000e+00
1.769163846969604492e+00 5.408876538276672363e-01 0.000000000000000000e+00
1.785133004188537598e+00 5.800248980522155762e-01 0.000000000000000000e+00
1.735972046852111816e+00 5.977430939674377441e-01 0.000000000000000000e+00
1.761923670768737793e+00 6.412877440452575684e-01 0.000000000000000000e+00
1.775669932365417480e+00 6.816158294677734375e-01 0.000000000000000000e+00
1.765358090400695801e+00 7.132509946823120117e-01 0.000000000000000000e+00
1.750800132751464844e+00 7.431705594062805176e-01 0.000000000000000000e+00
1.776845932006835938e+00 7.911027669906616211e-01 0.000000000000000000e+00
1.780894875526428223e+00 8.304448723793029785e-01 0.000000000000000000e+00
1.795790553092956543e+00 8.758655786514282227e-01 0.000000000000000000e+00
1.796269178390502930e+00 9.152448773384094238e-01 0.000000000000000000e+00
1.802978992462158203e+00 9.586609601974487305e-01 0.000000000000000000e+00
1.808713674545288086e+00 1.002586364746093750e+00 0.000000000000000000e+00
1.805662989616394043e+00 1.042500019073486328e+00 0.000000000000000000e+00
1.716906070709228516e+00 1.031621217727661133e+00 0.000000000000000000e+00
1.668110609054565430e+00 1.042351245880126953e+00 0.000000000000000000e+00
1.620311617851257324e+00 1.052242636680603027e+00 0.000000000000000000e+00
1.575171351432800293e+00 1.062466502189636230e+00 0.000000000000000000e+00
1.542463302612304688e+00 1.080044388771057129e+00 0.000000000000000000e+00
1.556548714637756348e+00 1.130898833274841309e+00 0.000000000000000000e+00
1.542963862419128418e+00 1.162706613540649414e+00 0.000000000000000000e+00
1.545289039611816406e+00 1.207312107086181641e+00 0.000000000000000000e+00
1.551960468292236328e+00 1.256752848625183105e+00 0.000000000000000000e+00
1.552006125450134277e+00 1.302287697792053223e+00 0.000000000000000000e+00
1.549418807029724121e+00 1.346889138221740723e+00 0.000000000000000000e+00
1.559117913246154785e+00 1.403836011886596680e+00 0.000000000000000000e+00
1.568022370338439941e+00 1.462204456329345703e+00 0.000000000000000000e+00
1.569599390029907227e+00 1.515744447708129883e+00 0.000000000000000000e+00
1.571191191673278809e+00 1.571191191673278809e+00 0.000000000000000000e+00
1.571317315101623535e+00 1.627146720886230469e+00 0.000000000000000000e+00
1.564504146575927734e+00 1.677725315093994141e+00 0.000000000000000000e+00
1.892301440238952637e+00 2.101613521575927734e+00 0.000000000000000000e+00
1.876328825950622559e+00 2.158469200134277344e+00 0.000000000000000000e+00
1.999712347984313965e+00 2.383164405822753906e+00 0.000000000000000000e+00
1.920056581497192383e+00 2.371072292327880859e+00 0.000000000000000000e+00
1.947952985763549805e+00 2.493266105651855469e+00 0.000000000000000000e+00
1.217017531394958496e+00 3.170439004898071289e+00 0.000000000000000000e+00
1.157396197319030762e+00 3.179919958114624023e+00 0.000000000000000000e+00
1.080886244773864746e+00 3.139121532440185547e+00 0.000000000000000000e+00
1.056529164314270020e+00 3.251662015914916992e+00 0.000000000000000000e+00
9.800300002098083496e-01 3.205533504486083984e+00 0.000000000000000000e+00
9.112571477890014648e-01 3.177931070327758789e+00 0.000000000000000000e+00
8.561734557151794434e-01 3.195282697677612305e+00 0.000000000000000000e+00
7.922942638397216797e-01 3.177718639373779297e+00 0.000000000000000000e+00
7.475124001502990723e-01 3.237831592559814453e+00 0.000000000000000000e+00
6.819503903388977051e-01 3.208324193954467773e+00 0.000000000000000000e+00
6.214649081230163574e-01 3.197159767150878906e+00 0.000000000000000000e+00
5.685241818428039551e-01 3.224260568618774414e+00 0.000000000000000000e+00
5.054397583007812500e-01 3.191220998764038086e+00 0.000000000000000000e+00
4.482765793800354004e-01 3.189653396606445312e+00 0.000000000000000000e+00
3.965628743171691895e-01 3.229745149612426758e+00 0.000000000000000000e+00
3.338639438152313232e-01 3.176502943038940430e+00 0.000000000000000000e+00
2.782883346080780029e-01 3.180849790573120117e+00 0.000000000000000000e+00
2.242670953273773193e-01 3.207168340682983398e+00 0.000000000000000000e+00
1.678937822580337524e-01 3.203603506088256836e+00 0.000000000000000000e+00
1.123764216899871826e-01 3.218038558959960938e+00 0.000000000000000000e+00
5.624914541840553284e-02 3.222509145736694336e+00 0.000000000000000000e+00
3.954588478904952353e-08 3.250000000000000000e+00 0.000000000000000000e+00
-1.163548827171325684e-01 3.331969022750854492e+00 0.000000000000000000e+00
-1.707198470830917358e-01 3.257529735565185547e+00 0.000000000000000000e+00
-2.281036227941513062e-01 3.262034416198730469e+00 0.000000000000000000e+00
-2.911872863769531250e-01 3.328286647796630859e+00 0.000000000000000000e+00
-3.431668877601623535e-01 3.265015363693237305e+00 0.000000000000000000e+00
-4.024125337600708008e-01 3.277387380599975586e+00 0.000000000000000000e+00
-4.612196087837219238e-01 3.281748294830322266e+00 0.000000000000000000e+00
-5.235860943794250488e-01 3.305792808532714844e+00 0.000000000000000000e+00
-5.871044397354125977e-01 3.329635143280029297e+00 0.000000000000000000e+00
-6.378744244575500488e-01 3.281579732894897461e+00 0.000000000000000000e+00
-6.962962150573730469e-01 3.275816202163696289e+00 0.000000000000000000e+00
-7.614592909812927246e-01 3.298242568969726562e+00 0.000000000000000000e+00
-8.288244009017944336e-01 3.324233293533325195e+00 0.000000000000000000e+00
-9.001725912094116211e-01 3.359489917755126953e+00 0.000000000000000000e+00
-9.644550681114196777e-01 3.363454818725585938e+00 0.000000000000000000e+00
-1.097503900527954102e+00 -5.835531353950500488e-01 0.000000000000000000e+00
-1.256312966346740723e+00 -1.054171681404113770e+00 0.000000000000000000e+00
-1.209044814109802246e+00 -1.051006555557250977e+00 0.000000000000000000e+00
-1.200178980827331543e+00 -1.080645918846130371e+00 0.000000000000000000e+00
-1.159195661544799805e+00 -1.080967426300048828e+00 0.000000000000000000e+00
-1.122889399528503418e+00 -1.084361672401428223e+00 0.000000000000000000e+00
-1.101672410964965820e+00 -1.101672291755676270e+00 0.000000000000000000e+00
-1.064911365509033203e+00 -1.102747917175292969e+00 0.000000000000000000e+00
-1.023679614067077637e+00 -1.097761869430541992e+00 0.000000000000000000e+00
-9.102886319160461426e-01 -2.643669843673706055e+00 0.000000000000000000e+00
-4.644540548324584961e-01 -2.932446718215942383e+00 0.000000000000000000e+00
-4.091690182685852051e-01 -2.911388158798217773e+00 0.000000000000000000e+00
-3.530555963516235352e-01 -2.875406265258789062e+00 0.000000000000000000e+00
-3.030281066894531250e-01 -2.883118867874145508e+00 0.000000000000000000e+00
-2.537104785442352295e-01 -2.899922847747802734e+00 0.000000000000000000e+00
-2.041075527667999268e-01 -2.918872594833374023e+00 0.000000000000000000e+00
-1.574790030717849731e-01 -3.004876375198364258e+00 0.000000000000000000e+00
-1.041402071714401245e-01 -2.982182264328002930e+00 0.000000000000000000e+00
-4.802912473678588867e-02 -2.751580953598022461e+00 0.000000000000000000e+00
4.841645658016204834e-01 -3.056895494461059570e+00 0.000000000000000000e+00
5.186870098114013672e-01 -2.941620826721191406e+00 0.000000000000000000e+00
5.745257735252380371e-01 -2.955679416656494141e+00 0.000000000000000000e+00
6.293485760688781738e-01 -2.960852861404418945e+00 0.000000000000000000e+00
6.881251931190490723e-01 -2.980597972869873047e+00 0.000000000000000000e+00
7.470546960830688477e-01 -2.996273279190063477e+00 0.000000000000000000e+00
8.057035207748413086e-01 -3.006927013397216797e+00 0.000000000000000000e+00
1.381116271018981934e+00 -2.961813688278198242e+00 0.000000000000000000e+00
1.411116600036621094e+00 -2.893218278884887695e+00 0.000000000000000000e+00
1.376045107841491699e+00 -2.700640678405761719e+00 0.000000000000000000e+00
1.394330501556396484e+00 -2.622354507446289062e+00 0.000000000000000000e+00
1.422916054725646973e+00 -2.567008733749389648e+00 0.000000000000000000e+00
1.412999868392944336e+00 -2.447387933731079102e+00 0.000000000000000000e+00
1.420474886894226074e+00 -2.364067316055297852e+00 0.000000000000000000e+00
1.449329018592834473e+00 -2.319411516189575195e+00 0.000000000000000000e+00
1.437847018241882324e+00 -2.214090347290039062e+00 0.000000000000000000e+00
1.447191238403320312e+00 -2.145549297332763672e+00 0.000000000000000000e+00
1.462619781494140625e+00 -2.088837623596191406e+00 0.000000000000000000e+00
1.445363879203796387e+00 -1.989372968673706055e+00 0.000000000000000000e+00
1.483473896980285645e+00 -1.968636512756347656e+00 0.000000000000000000e+00
1.495441555976867676e+00 -1.914078116416931152e+00 0.000000000000000000e+00
1.490230679512023926e+00 -1.840281724929809570e+00 0.000000000000000000e+00
1.509265303611755371e+00 -1.798672437667846680e+00 0.000000000000000000e+00
1.502375125885009766e+00 -1.728284955024719238e+00 0.000000000000000000e+00
1.519595503807067871e+00 -1.687681913375854492e+00 0.000000000000000000e+00
1.541316270828247070e+00 -1.652859449386596680e+00 0.000000000000000000e+00
1.532416343688964844e+00 -1.586863756179809570e+00 0.000000000000000000e+00
1.543614149093627930e+00 -1.543614268302917480e+00 0.000000000000000000e+00
1.554493308067321777e+00 -1.501156806945800781e+00 0.000000000000000000e+00
1.560708761215209961e+00 -1.455384612083435059e+00 0.000000000000000000e+00
1.571751236915588379e+00 -1.415211319923400879e+00 0.000000000000000000e+00
1.582625865936279297e+00 -1.375755786895751953e+00 0.000000000000000000e+00
1.538983225822448730e+00 -1.291360378265380859e+00 0.000000000000000000e+00
1.567503333091735840e+00 -1.269339323043823242e+00 0.000000000000000000e+00
1.552381157875061035e+00 -1.212853193283081055e+00 0.000000000000000000e+00
1.555741906166076660e+00 -1.172335743904113770e+00 0.000000000000000000e+00
1.567874908447265625e+00 -1.139127850532531738e+00 0.000000000000000000e+00
1.574410200119018555e+00 -1.102414011955261230e+00 0.000000000000000000e+00
1.586777925491333008e+00 -1.070295333862304688e+00 0.000000000000000000e+00
1.608570098876953125e+00 -1.044617772102355957e+00 0.000000000000000000e+00
1.612987399101257324e+00 -1.007906436920166016e+00 0.000000000000000000e+00
1.563473105430603027e+00 -9.394295215606689453e-01 0.000000000000000000e+00
1.567505836486816406e+00 -9.050000309944152832e-01 0.000000000000000000e+00
1.595306277275085449e+00 -8.842928409576416016e-01 0.000000000000000000e+00
1.615794062614440918e+00 -8.591330647468566895e-01 0.000000000000000000e+00
1.614503860473632812e+00 -8.226308822631835938e-01 0.000000000000000000e+00
1.633108735084533691e+00 -7.965204715728759766e-01 0.000000000000000000e+00
1.625916123390197754e+00 -7.581772208213806152e-01 0.000000000000000000e+00
1.639814019203186035e+00 -7.300923466682434082e-01 0.000000000000000000e+00
1.594314336776733398e+00 -6.767463684082031250e-01 0.000000000000000000e+00
1.620717406272888184e+00 -6.548123955726623535e-01 0.000000000000000000e+00
1.618828415870666504e+00 -6.214100718498229980e-01 0.000000000000000000e+00
1.634125351905822754e+00 -5.947731137275695801e-01 0.000000000000000000e+00
1.651820898056030273e+00 -5.687676072120666504e-01 0.000000000000000000e+00
1.637719273567199707e+00 -5.321273207664489746e-01 0.000000000000000000e+00
1.641975283622741699e+00 -5.020022988319396973e-01 0.000000000000000000e+00
1.629338622093200684e+00 -4.672054052352905273e-01 0.000000000000000000e+00
1.659460544586181641e+00 -4.446512162685394287e-01 0.000000000000000000e+00
1.670849204063415527e+00 -4.165895879268646240e-01 0.000000000000000000e+00
1.683711528778076172e+00 -3.887155055999755859e-01 0.000000000000000000e+00
1.636440873146057129e+00 -3.478363454341888428e-01 0.000000000000000000e+00
1.687417149543762207e+00 -3.280007243156433105e-01 0.000000000000000000e+00
1.658416271209716797e+00 -2.924236059188842773e-01 0.000000000000000000e+00
1.661291837692260742e+00 -2.631228566169738770e-01 0.000000000000000000e+00
1.646815776824951172e+00 -2.314449399709701538e-01 0.000000000000000000e+00
1.681373119354248047e+00 -2.064467519521713257e-01 0.000000000000000000e+00
1.697648882865905762e+00 -1.784301698207855225e-01 0.000000000000000000e+00
1.687553763389587402e+00 -1.476419121026992798e-01 0.000000000000000000e+00
1.688875913619995117e+00 -1.180977895855903625e-01 0.000000000000000000e+00
1.665714025497436523e+00 -8.729645609855651855e-02 0.000000000000000000e+00
1.673979640007019043e+00 -5.845673754811286926e-02 0.000000000000000000e+00
1.674744844436645508e+00 -2.923286147415637970e-02 0.000000000000000000e+00
