1.605000019073486328e+00 0.000000000000000000e+00 0.000000000000000000e+00
1.612754344940185547e+00 2.815073169767856598e-02 0.000000000000000000e+00
1.580036878585815430e+00 5.517610162496566772e-02 0.000000000000000000e+00
1.579831957817077637e+00 8.279548585414886475e-02 0.000000000000000000e+00
1.569168210029602051e+00 1.097269281744956970e-01 0.000000000000000000e+00
1.570999026298522949e+00 1.374446004629135132e-01 0.000000000000000000e+00
1.555432200431823730e+00 1.634825170040130615e-01 0.000000000000000000e+00
1.554327249526977539e+00 1.908473819494247437e-01 0.000000000000000000e+00
1.559672236442565918e+00 2.191976457834243774e-01 0.000000000000000000e+00
1.566473722457885742e+00 2.481050491333007812e-01 0.000000000000000000e+00
1.543193817138671875e+00 2.721067070960998535e-01 0.000000000000000000e+00
1.534283280372619629e+00 2.982344627380371094e-01 0.000000000000000000e+00
1.551342010498046875e+00 3.297479450702667236e-01 0.000000000000000000e+00
1.534632921218872070e+00 3.542979061603546143e-01 0.000000000000000000e+00
1.549562335014343262e+00 3.863492608070373535e-01 0.000000000000000000e+00
1.524230957031250000e+00 4.084164500236511230e-01 0.000000000000000000e+00
1.539941191673278809e+00 4.415710270404815674e-01 0.000000000000000000e+00
1.519568204879760742e+00 4.645786285400390625e-01 0.000000000000000000e+00
1.525494575500488281e+00 4.956632554531097412e-01 0.000000000000000000e+00
1.525121450424194336e+00 5.251414179801940918e-01 0.000000000000000000e+00
1.504447817802429199e+00 5.475742220878601074e-01 0.000000000000000000e+00
1.505865216255187988e+00 5.780475139617919922e-01 0.000000000000000000e+00
1.501110672950744629e+00 6.064880490303039551e-01 0.000000000000000000e+00
1.507786989212036133e+00 6.400175690650939941e-01 0.000000000000000000e+00
1.486338496208190918e+00 6.617605090141296387e-01 0.000000000000000000e+00
1.460061788558959961e+00 6.808379888534545898e-01 0.000000000000000000e+00
1.477617502212524414e+00 7.206822037696838379e-01 0.000000000000000000e+00
1.484416842460632324e+00 7.563481926918029785e-01 0.000000000000000000e+00
1.478937149047851562e+00 7.863648533821105957e-01 0.000000000000000000e+00
1.463238716125488281e+00 8.110864758491516113e-01 0.000000000000000000e+00
1.454922676086425781e+00 8.399999737739562988e-01 0.000000000000000000e+00
1.456327199935913086e+00 8.750497102737426758e-01 0.000000000000000000e+00
1.462882995605468750e+00 9.141107201576232910e-01 0.000000000000000000e+00
1.460125565528869629e+00 9.482165575027465820e-01 0.000000000000000000e+00
1.469883680343627930e+00 9.914489984512329102e-01 0.000000000000000000e+00
1.424505352973937988e+00 9.974493980407714844e-01 0.000000000000000000e+00
1.439241290092468262e+00 1.045670032501220703e+00 0.000000000000000000e+00
1.461503028869628906e+00 1.101321458816528320e+00 0.000000000000000000e+00
1.421571373939514160e+00 1.110653281211853027e+00 0.000000000000000000e+00
1.412851333618164062e+00 1.144104480743408203e+00 0.000000000000000000e+00
1.413352012634277344e+00 1.185943126678466797e+00 0.000000000000000000e+00
1.438476443290710449e+00 1.250448465347290039e+00 0.000000000000000000e+00
1.436498880386352539e+00 1.293429374694824219e+00 0.000000000000000000e+00
1.424677014350891113e+00 1.328532814979553223e+00 0.000000000000000000e+00
1.399835228919982910e+00 1.351805210113525391e+00 0.000000000000000000e+00
1.320875525474548340e+00 1.320875525474548340e+00 0.000000000000000000e+00
1.264972925186157227e+00 1.309917807579040527e+00 0.000000000000000000e+00
1.215321063995361328e+00 1.303272247314453125e+00 0.000000000000000000e+00
1.167632937431335449e+00 1.296787738800048828e+00 0.000000000000000000e+00
1.128421545028686523e+00 1.298100471496582031e+00 0.000000000000000000e+00
1.122307181358337402e+00 1.337513685226440430e+00 0.000000000000000000e+00
1.108233213424682617e+00 1.368554115295410156e+00 0.000000000000000000e+00
1.106959342956542969e+00 1.416843295097351074e+00 0.000000000000000000e+00
1.106136083602905273e+00 1.467892050743103027e+00 0.000000000000000000e+00
1.103860735893249512e+00 1.519333958625793457e+00 0.000000000000000000e+00
1.072587966918945312e+00 1.531814336776733398e+00 0.000000000000000000e+00
1.080360770225524902e+00 1.601700663566589355e+00 0.000000000000000000e+00
1.063680052757263184e+00 1.637923598289489746e+00 0.000000000000000000e+00
1.072026729583740234e+00 1.715601325035095215e+00 0.000000000000000000e+00
1.058403253555297852e+00 1.761478900909423828e+00 0.000000000000000000e+00
1.031499981880187988e+00 1.786610364913940430e+00 0.000000000000000000e+00
1.041855812072753906e+00 1.879557728767395020e+00 0.000000000000000000e+00
1.025325894355773926e+00 1.928357601165771484e+00 0.000000000000000000e+00
1.053257942199707031e+00 2.067135095596313477e+00 0.000000000000000000e+00
1.161252856254577637e+00 2.735740423202514648e+00 0.000000000000000000e+00
1.165026545524597168e+00 2.883541584014892578e+00 0.000000000000000000e+00
9.581155180931091309e-01 3.341345787048339844e+00 0.000000000000000000e+00
2.816874086856842041e-01 3.219701290130615234e+00 0.000000000000000000e+00
2.225929498672485352e-01 3.183226823806762695e+00 0.000000000000000000e+00
1.663237065076828003e-01 3.173644542694091797e+00 0.000000000000000000e+00
1.108757406473159790e-01 3.175064802169799805e+00 0.000000000000000000e+00
5.539397522807121277e-02 3.173516511917114258e+00 0.000000000000000000e+00
3.813440230260312092e-08 3.134000062942504883e+00 0.000000000000000000e+00
-5.500994622707366943e-02 3.151519775390625000e+00 0.000000000000000000e+00
-1.102474704384803772e-01 3.157075643539428711e+00 0.000000000000000000e+00
-1.657479405403137207e-01 3.162659883499145508e+00 0.000000000000000000e+00
-2.269177734851837158e-01 3.245075941085815430e+00 0.000000000000000000e+00
-2.724488079547882080e-01 3.114104509353637695e+00 0.000000000000000000e+00
-3.395083844661712646e-01 3.230206966400146484e+00 0.000000000000000000e+00
-3.838883936405181885e-01 3.126520395278930664e+00 0.000000000000000000e+00
-4.361684620380401611e-01 3.103500127792358398e+00 0.000000000000000000e+00
-4.943328797817230225e-01 3.121095180511474609e+00 0.000000000000000000e+00
-5.426505208015441895e-01 3.077524185180664062e+00 0.000000000000000000e+00
-5.934159159660339355e-01 3.052860498428344727e+00 0.000000000000000000e+00
-6.590800285339355469e-01 3.100728034973144531e+00 0.000000000000000000e+00
-7.045466303825378418e-01 3.051727056503295898e+00 0.000000000000000000e+00
-1.400134205818176270e+00 3.002597570419311523e+00 0.000000000000000000e+00
-1.448378205299377441e+00 2.969615459442138672e+00 0.000000000000000000e+00
-1.495444655418395996e+00 2.934975385665893555e+00 0.000000000000000000e+00
-1.591039061546325684e+00 2.992309331893920898e+00 0.000000000000000000e+00
-1.691499948501586914e+00 2.929763793945312500e+00 0.000000000000000000e+00
-1.730527877807617188e+00 2.880082130432128906e+00 0.000000000000000000e+00
-1.808084487915039062e+00 2.893540143966674805e+00 0.000000000000000000e+00
-1.876281380653381348e+00 2.889219999313354492e+00 0.000000000000000000e+00
-1.937603354454040527e+00 2.872615098953247070e+00 0.000000000000000000e+00
-2.178997516632080078e+00 2.290219068527221680e-01 0.000000000000000000e+00
-2.197605609893798828e+00 1.922656297683715820e-01 0.000000000000000000e+00
-8.520637154579162598e-01 -8.520636558532714844e-01 0.000000000000000000e+00
-1.299135804176330566e+00 -3.215473413467407227e+00 0.000000000000000000e+00
-1.129692673683166504e+00 -3.103804588317871094e+00 0.000000000000000000e+00
-5.502911806106567383e-01 -3.120855569839477539e+00 0.000000000000000000e+00
-4.869805872440338135e-01 -3.074673652648925781e+00 0.000000000000000000e+00
-4.496684074401855469e-01 -3.199556112289428711e+00 0.000000000000000000e+00
-2.170822620391845703e-01 -3.104419231414794922e+00 0.000000000000000000e+00
-1.624509245157241821e-01 -3.099746227264404297e+00 0.000000000000000000e+00
9.813728183507919312e-02 -2.810286998748779297e+00 0.000000000000000000e+00
1.586825102567672729e-01 -3.027844905853271484e+00 0.000000000000000000e+00
2.119898200035095215e-01 -3.031597137451171875e+00 0.000000000000000000e+00
2.642561197280883789e-01 -3.020462512969970703e+00 0.000000000000000000e+00
3.147350847721099854e-01 -2.994505405426025391e+00 0.000000000000000000e+00
3.682890534400939941e-01 -2.999474525451660156e+00 0.000000000000000000e+00
4.290705621242523193e-01 -3.052996397018432617e+00 0.000000000000000000e+00
4.718062281608581543e-01 -2.978868007659912109e+00 0.000000000000000000e+00
5.548058152198791504e-01 -3.146460771560668945e+00 0.000000000000000000e+00
6.107794642448425293e-01 -3.142188549041748047e+00 0.000000000000000000e+00
1.049317717552185059e+00 -2.882977008819580078e+00 0.000000000000000000e+00
1.098397731781005859e+00 -2.861424207687377930e+00 0.000000000000000000e+00
1.152289748191833496e+00 -2.852017641067504883e+00 0.000000000000000000e+00
1.196027874946594238e+00 -2.817665576934814453e+00 0.000000000000000000e+00
1.262510418891906738e+00 -2.835645198822021484e+00 0.000000000000000000e+00
1.355336666107177734e+00 -2.906529188156127930e+00 0.000000000000000000e+00
1.397965431213378906e+00 -2.866254091262817383e+00 0.000000000000000000e+00
1.430523991584777832e+00 -2.807561635971069336e+00 0.000000000000000000e+00
1.542214035987854004e+00 -2.900482892990112305e+00 0.000000000000000000e+00
1.561086893081665039e+00 -2.816275596618652344e+00 0.000000000000000000e+00
1.604499936103820801e+00 -2.779075622558593750e+00 0.000000000000000000e+00
1.794392466545104980e+00 -2.986370801925659180e+00 0.000000000000000000e+00
1.715348482131958008e+00 -2.745131731033325195e+00 0.000000000000000000e+00
1.789139151573181152e+00 -2.755033016204833984e+00 0.000000000000000000e+00
1.850928306579589844e+00 -2.744114398956298828e+00 0.000000000000000000e+00
1.923775315284729004e+00 -2.747436046600341797e+00 0.000000000000000000e+00
1.959088087081909180e+00 -2.696453571319580078e+00 0.000000000000000000e+00
1.999831199645996094e+00 -2.653865814208984375e+00 0.000000000000000000e+00
2.030451536178588867e+00 -2.598859548568725586e+00 0.000000000000000000e+00
2.164232730865478516e+00 -2.672605037689208984e+00 0.000000000000000000e+00
2.005497217178344727e+00 -2.390058755874633789e+00 0.000000000000000000e+00
1.913067936897277832e+00 -2.200733184814453125e+00 0.000000000000000000e+00
1.891632080078125000e+00 -2.100870370864868164e+00 0.000000000000000000e+00
1.887089371681213379e+00 -2.023655652999877930e+00 0.000000000000000000e+00
1.863073587417602539e+00 -1.929269313812255859e+00 0.000000000000000000e+00
1.848377108573913574e+00 -1.848377227783203125e+00 0.000000000000000000e+00
1.846545100212097168e+00 -1.783188104629516602e+00 0.000000000000000000e+00
1.804980874061584473e+00 -1.683171987533569336e+00 0.000000000000000000e+00
1.790979027748107910e+00 -1.612604856491088867e+00 0.000000000000000000e+00
1.793944716453552246e+00 -1.559452414512634277e+00 0.000000000000000000e+00
1.792543888092041016e+00 -1.504122972488403320e+00 0.000000000000000000e+00
1.806864380836486816e+00 -1.463170051574707031e+00 0.000000000000000000e+00
1.800604581832885742e+00 -1.406786561012268066e+00 0.000000000000000000e+00
1.784950256347656250e+00 -1.345056533813476562e+00 0.000000000000000000e+00
1.792781710624694824e+00 -1.302532196044921875e+00 0.000000000000000000e+00
1.771006584167480469e+00 -1.240072250366210938e+00 0.000000000000000000e+00
1.765020847320556641e+00 -1.190521717071533203e+00 0.000000000000000000e+00
1.748628139495849609e+00 -1.135572433471679688e+00 0.000000000000000000e+00
1.732562184333801270e+00 -1.082625150680541992e+00 0.000000000000000000e+00
1.739192485809326172e+00 -1.045012354850769043e+00 0.000000000000000000e+00
1.735514879226684570e+00 -1.002000093460083008e+00 0.000000000000000000e+00
1.728248476982116699e+00 -9.579838514328002930e-01 0.000000000000000000e+00
1.734109044075012207e+00 -9.220422506332397461e-01 0.000000000000000000e+00
1.731225609779357910e+00 -8.821036219596862793e-01 0.000000000000000000e+00
1.728380918502807617e+00 -8.429877758026123047e-01 0.000000000000000000e+00
1.723797321319580078e+00 -8.038200139999389648e-01 0.000000000000000000e+00
1.631592154502868652e+00 -7.264317274093627930e-01 0.000000000000000000e+00
1.720423460006713867e+00 -7.302765250205993652e-01 0.000000000000000000e+00
1.709726929664611816e+00 -6.907746195793151855e-01 0.000000000000000000e+00
1.686046242713928223e+00 -6.472125649452209473e-01 0.000000000000000000e+00
1.712119936943054199e+00 -6.231607794761657715e-01 0.000000000000000000e+00
1.695314764976501465e+00 -5.837437510490417480e-01 0.000000000000000000e+00
1.719510078430175781e+00 -5.587027668952941895e-01 0.000000000000000000e+00
1.678314805030822754e+00 -5.131124258041381836e-01 0.000000000000000000e+00
1.660098910331726074e+00 -4.760257899761199951e-01 0.000000000000000000e+00
1.627584934234619141e+00 -4.361101388931274414e-01 0.000000000000000000e+00
1.650472998619079590e+00 -4.115092158317565918e-01 0.000000000000000000e+00
1.688583374023437500e+00 -3.898402750492095947e-01 0.000000000000000000e+00
1.642309784889221191e+00 -3.490838110446929932e-01 0.000000000000000000e+00
1.631464362144470215e+00 -3.171246051788330078e-01 0.000000000000000000e+00
1.635765671730041504e+00 -2.884297072887420654e-01 0.000000000000000000e+00
1.660304069519042969e+00 -2.629664242267608643e-01 0.000000000000000000e+00
1.630971431732177734e+00 -2.292181700468063354e-01 0.000000000000000000e+00
1.622812986373901367e+00 -1.992564499378204346e-01 0.000000000000000000e+00
1.626043319702148438e+00 -1.709041148424148560e-01 0.000000000000000000e+00
1.634755492210388184e+00 -1.430226564407348633e-01 0.000000000000000000e+00
1.610068321228027344e+00 -1.125870198011398315e-01 0.000000000000000000e+00
1.610789418220520020e+00 -8.441797643899917603e-02 0.000000000000000000e+00
1.638001680374145508e+00 -5.720035731792449951e-02 0.000000000000000000e+00
1.536765813827514648e+00 -2.682442218065261841e-02 0.000000000000000000e+00
