1.588999986648559570e+00 0.000000000000000000e+00 0.000000000000000000e+00
1.601755976676940918e+00 2.795875445008277893e-02 0.000000000000000000e+00
1.608019828796386719e+00 5.615328997373580933e-02 0.000000000000000000e+00
1.569845676422119141e+00 8.227212727069854736e-02 0.000000000000000000e+00
1.570165872573852539e+00 1.097966879606246948e-01 0.000000000000000000e+00
1.585941910743713379e+00 1.387519389390945435e-01 0.000000000000000000e+00
1.576317191123962402e+00 1.656776219606399536e-01 0.000000000000000000e+00
1.513632893562316895e+00 1.858507394790649414e-01 0.000000000000000000e+00
1.577497124671936035e+00 2.217027544975280762e-01 0.000000000000000000e+00
1.588202834129333496e+00 2.515466213226318359e-01 0.000000000000000000e+00
1.544178485870361328e+00 2.722803354263305664e-01 0.000000000000000000e+00
1.556860685348510742e+00 3.026230633258819580e-01 0.000000000000000000e+00
1.547429561614990234e+00 3.289162814617156982e-01 0.000000000000000000e+00
1.550222754478454590e+00 3.578971028327941895e-01 0.000000000000000000e+00
1.549562335014343262e+00 3.863492608070373535e-01 0.000000000000000000e+00
1.540651679039001465e+00 4.128163754940032959e-01 0.000000000000000000e+00
1.473614215850830078e+00 4.225520491600036621e-01 0.000000000000000000e+00
1.561645627021789551e+00 4.774430096149444580e-01 0.000000000000000000e+00
1.453214406967163086e+00 4.721779525279998779e-01 0.000000000000000000e+00
1.525121450424194336e+00 5.251414179801940918e-01 0.000000000000000000e+00
1.527000546455383301e+00 5.557827353477478027e-01 0.000000000000000000e+00
1.509599566459655762e+00 5.794809460639953613e-01 0.000000000000000000e+00
1.491838812828063965e+00 6.027420163154602051e-01 0.000000000000000000e+00
1.529878973960876465e+00 6.493951082229614258e-01 0.000000000000000000e+00
1.516485452651977539e+00 6.751828193664550781e-01 0.000000000000000000e+00
1.533472776412963867e+00 7.150701284408569336e-01 0.000000000000000000e+00
1.458742737770080566e+00 7.114763855934143066e-01 0.000000000000000000e+00
1.451449632644653320e+00 7.395504713058471680e-01 0.000000000000000000e+00
1.463044166564941406e+00 7.779143452644348145e-01 0.000000000000000000e+00
1.473734140396118164e+00 8.169041872024536133e-01 0.000000000000000000e+00
1.442798376083374023e+00 8.330000042915344238e-01 0.000000000000000000e+00
1.449469923973083496e+00 8.709293603897094727e-01 0.000000000000000000e+00
1.458642721176147461e+00 9.114611148834228516e-01 0.000000000000000000e+00
1.443351984024047852e+00 9.373237490653991699e-01 0.000000000000000000e+00
1.442525386810302734e+00 9.729956388473510742e-01 0.000000000000000000e+00
1.426143765449523926e+00 9.985966086387634277e-01 0.000000000000000000e+00
1.446522355079650879e+00 1.050960063934326172e+00 0.000000000000000000e+00
1.431953430175781250e+00 1.079054355621337891e+00 0.000000000000000000e+00
1.394778966903686523e+00 1.089720845222473145e+00 0.000000000000000000e+00
1.407411336898803711e+00 1.139699220657348633e+00 0.000000000000000000e+00
1.402627348899841309e+00 1.176944136619567871e+00 0.000000000000000000e+00
1.415835261344909668e+00 1.230766773223876953e+00 0.000000000000000000e+00
1.370359063148498535e+00 1.233876824378967285e+00 0.000000000000000000e+00
1.388109326362609863e+00 1.294432878494262695e+00 0.000000000000000000e+00
1.383290410041809082e+00 1.335828065872192383e+00 0.000000000000000000e+00
1.344210028648376465e+00 1.344210028648376465e+00 0.000000000000000000e+00
1.273308753967285156e+00 1.318549752235412598e+00 0.000000000000000000e+00
1.243283033370971680e+00 1.333257794380187988e+00 0.000000000000000000e+00
1.184361219406127930e+00 1.315366268157958984e+00 0.000000000000000000e+00
1.137606382369995117e+00 1.308666348457336426e+00 0.000000000000000000e+00
1.109451413154602051e+00 1.322192668914794922e+00 0.000000000000000000e+00
1.109491825103759766e+00 1.370108366012573242e+00 0.000000000000000000e+00
1.089105248451232910e+00 1.393991112709045410e+00 0.000000000000000000e+00
1.096506953239440918e+00 1.455113887786865234e+00 0.000000000000000000e+00
1.079173684120178223e+00 1.485355138778686523e+00 0.000000000000000000e+00
1.072587966918945312e+00 1.531814336776733398e+00 0.000000000000000000e+00
1.056315422058105469e+00 1.566051959991455078e+00 0.000000000000000000e+00
1.051697969436645508e+00 1.619472861289978027e+00 0.000000000000000000e+00
1.050829887390136719e+00 1.681679368019104004e+00 0.000000000000000000e+00
1.035741567611694336e+00 1.723763346672058105e+00 0.000000000000000000e+00
1.032500028610229492e+00 1.788342475891113281e+00 0.000000000000000000e+00
1.012282490730285645e+00 1.826205968856811523e+00 0.000000000000000000e+00
1.012650251388549805e+00 1.904518008232116699e+00 0.000000000000000000e+00
1.002865076065063477e+00 1.968233466148376465e+00 0.000000000000000000e+00
1.173957943916320801e+00 2.406970500946044922e+00 0.000000000000000000e+00
1.148358821868896484e+00 2.705363750457763672e+00 0.000000000000000000e+00
1.106587886810302734e+00 2.738901138305664062e+00 0.000000000000000000e+00
9.581155180931091309e-01 3.341345787048339844e+00 0.000000000000000000e+00
9.040549397468566895e-01 3.373978853225708008e+00 0.000000000000000000e+00
7.475386857986450195e-01 2.998213768005371094e+00 0.000000000000000000e+00
2.980726957321166992e-01 3.406985998153686523e+00 0.000000000000000000e+00
2.289407849311828613e-01 3.274005174636840820e+00 0.000000000000000000e+00
1.675274372100830078e-01 3.196613073348999023e+00 0.000000000000000000e+00
1.108408421277999878e-01 3.174065351486206055e+00 0.000000000000000000e+00
5.518454685807228088e-02 3.161518335342407227e+00 0.000000000000000000e+00
3.869412878998446104e-08 3.180000066757202148e+00 0.000000000000000000e+00
-5.494013801217079163e-02 3.147520542144775391e+00 0.000000000000000000e+00
-1.098635792732238770e-01 3.146082401275634766e+00 0.000000000000000000e+00
-1.639161705970764160e-01 3.127707719802856445e+00 0.000000000000000000e+00
-2.204304188489913940e-01 3.152302503585815430e+00 0.000000000000000000e+00
-2.708800137042999268e-01 3.096173048019409180e+00 0.000000000000000000e+00
-3.261287510395050049e-01 3.102908134460449219e+00 0.000000000000000000e+00
-3.816947340965270996e-01 3.108654499053955078e+00 0.000000000000000000e+00
-4.372818470001220703e-01 3.111422300338745117e+00 0.000000000000000000e+00
-5.041882395744323730e-01 3.183319568634033203e+00 0.000000000000000000e+00
-5.473390221595764160e-01 3.104114055633544922e+00 0.000000000000000000e+00
-6.086806654930114746e-01 3.131390810012817383e+00 0.000000000000000000e+00
-6.491002440452575684e-01 3.053776741027832031e+00 0.000000000000000000e+00
-7.022971510887145996e-01 3.041983366012573242e+00 0.000000000000000000e+00
-7.482643723487854004e-01 3.001124620437622070e+00 0.000000000000000000e+00
-1.468175768852233887e+00 3.148513317108154297e+00 0.000000000000000000e+00
-1.523339629173278809e+00 3.123309135437011719e+00 0.000000000000000000e+00
-1.503162503242492676e+00 2.950122833251953125e+00 0.000000000000000000e+00
-1.565687656402587891e+00 2.944630384445190430e+00 0.000000000000000000e+00
-1.610537528991699219e+00 2.905486822128295898e+00 0.000000000000000000e+00
-1.661000013351440430e+00 2.876936435699462891e+00 0.000000000000000000e+00
-1.728982806205749512e+00 2.877510786056518555e+00 0.000000000000000000e+00
-1.799605727195739746e+00 2.879971265792846680e+00 0.000000000000000000e+00
-1.849594116210937500e+00 2.848125219345092773e+00 0.000000000000000000e+00
-1.915235638618469238e+00 2.839453697204589844e+00 0.000000000000000000e+00
-2.002928972244262695e+00 2.860479116439819336e+00 0.000000000000000000e+00
-1.320370912551879883e+00 1.069215416908264160e+00 0.000000000000000000e+00
-1.185956120491027832e+00 9.265705347061157227e-01 0.000000000000000000e+00
-1.288322448730468750e+00 7.741022706031799316e-01 0.000000000000000000e+00
-1.318956732749938965e+00 7.615000009536743164e-01 0.000000000000000000e+00
-1.319801092147827148e+00 7.315776944160461426e-01 0.000000000000000000e+00
-1.356207489967346191e+00 7.211083769798278809e-01 0.000000000000000000e+00
-1.324035644531250000e+00 6.746298670768737793e-01 0.000000000000000000e+00
-2.209559679031372070e+00 1.933114826679229736e-01 0.000000000000000000e+00
-2.222572565078735352e+00 1.554174721240997314e-01 0.000000000000000000e+00
-5.683506131172180176e-01 -3.223275661468505859e+00 0.000000000000000000e+00
-4.982438683509826660e-01 -3.145787239074707031e+00 0.000000000000000000e+00
-4.427097439765930176e-01 -3.150042772293090820e+00 0.000000000000000000e+00
-3.908351063728332520e-01 -3.183095455169677734e+00 0.000000000000000000e+00
1.583684980869293213e-01 -3.021852970123291016e+00 0.000000000000000000e+00
2.155473828315734863e-01 -3.082472801208496094e+00 0.000000000000000000e+00
2.613799571990966797e-01 -2.987587928771972656e+00 0.000000000000000000e+00
3.245607614517211914e-01 -3.087990522384643555e+00 0.000000000000000000e+00
3.619518578052520752e-01 -2.947862148284912109e+00 0.000000000000000000e+00
4.159882962703704834e-01 -2.959911346435546875e+00 0.000000000000000000e+00
4.658617079257965088e-01 -2.941335916519165039e+00 0.000000000000000000e+00
5.251119732856750488e-01 -2.978058576583862305e+00 0.000000000000000000e+00
5.798684358596801758e-01 -2.983165025711059570e+00 0.000000000000000000e+00
1.025376200675964355e+00 -2.817198514938354492e+00 0.000000000000000000e+00
1.102698087692260742e+00 -2.872627019882202148e+00 0.000000000000000000e+00
1.147045254707336426e+00 -2.839036941528320312e+00 0.000000000000000000e+00
1.208140492439270020e+00 -2.846200942993164062e+00 0.000000000000000000e+00
1.254375696182250977e+00 -2.817374229431152344e+00 0.000000000000000000e+00
1.326598525047302246e+00 -2.844900131225585938e+00 0.000000000000000000e+00
1.378677129745483398e+00 -2.826707363128662109e+00 0.000000000000000000e+00
1.440511822700500488e+00 -2.827163934707641602e+00 0.000000000000000000e+00
1.527190923690795898e+00 -2.872228622436523438e+00 0.000000000000000000e+00
1.563995718955993652e+00 -2.821523189544677734e+00 0.000000000000000000e+00
1.643999934196472168e+00 -2.847491741180419922e+00 0.000000000000000000e+00
1.702715754508972168e+00 -2.833795070648193359e+00 0.000000000000000000e+00
1.703160405158996582e+00 -2.725626707077026367e+00 0.000000000000000000e+00
1.772255301475524902e+00 -2.729033946990966797e+00 0.000000000000000000e+00
1.847573161125183105e+00 -2.739140033721923828e+00 0.000000000000000000e+00
1.906567931175231934e+00 -2.722861289978027344e+00 0.000000000000000000e+00
1.966141581535339355e+00 -2.706161975860595703e+00 0.000000000000000000e+00
1.974554896354675293e+00 -2.620323181152343750e+00 0.000000000000000000e+00
1.967038273811340332e+00 -2.517694473266601562e+00 0.000000000000000000e+00
1.960962176322937012e+00 -2.421586751937866211e+00 0.000000000000000000e+00
1.924505949020385742e+00 -2.293537139892578125e+00 0.000000000000000000e+00
1.896666526794433594e+00 -2.181865453720092773e+00 0.000000000000000000e+00
1.884271740913391113e+00 -2.092695951461791992e+00 0.000000000000000000e+00
1.884361386299133301e+00 -2.020730257034301758e+00 0.000000000000000000e+00
1.866546988487243652e+00 -1.932866096496582031e+00 0.000000000000000000e+00
1.825749635696411133e+00 -1.825749754905700684e+00 0.000000000000000000e+00
1.865247964859008789e+00 -1.801249146461486816e+00 0.000000000000000000e+00
1.812294363975524902e+00 -1.689991950988769531e+00 0.000000000000000000e+00
1.806584954261779785e+00 -1.626656532287597656e+00 0.000000000000000000e+00
1.795454025268554688e+00 -1.560764431953430176e+00 0.000000000000000000e+00
1.800970435142517090e+00 -1.511193752288818359e+00 0.000000000000000000e+00
1.802978515625000000e+00 -1.460023283958435059e+00 0.000000000000000000e+00
1.813212752342224121e+00 -1.416637182235717773e+00 0.000000000000000000e+00
1.784950256347656250e+00 -1.345056533813476562e+00 0.000000000000000000e+00
1.783073425292968750e+00 -1.295478820800781250e+00 0.000000000000000000e+00
1.783293962478637695e+00 -1.248676061630249023e+00 0.000000000000000000e+00
1.762533783912658691e+00 -1.188844203948974609e+00 0.000000000000000000e+00
1.750305294990539551e+00 -1.136661648750305176e+00 0.000000000000000000e+00
1.734258413314819336e+00 -1.083685040473937988e+00 0.000000000000000000e+00
1.752049803733825684e+00 -1.052737832069396973e+00 0.000000000000000000e+00
1.727720618247985840e+00 -9.975000619888305664e-01 0.000000000000000000e+00
1.723000764846801758e+00 -9.550750255584716797e-01 0.000000000000000000e+00
1.717333078384399414e+00 -9.131222963333129883e-01 0.000000000000000000e+00
1.714296579360961914e+00 -8.734778165817260742e-01 0.000000000000000000e+00
1.720291852951049805e+00 -8.390424847602844238e-01 0.000000000000000000e+00
1.707483768463134766e+00 -7.962128520011901855e-01 0.000000000000000000e+00
1.701935172080993652e+00 -7.577504515647888184e-01 0.000000000000000000e+00
1.700172424316406250e+00 -7.216804623603820801e-01 0.000000000000000000e+00
1.692110538482666016e+00 -6.836571097373962402e-01 0.000000000000000000e+00
1.672976136207580566e+00 -6.421954631805419922e-01 0.000000000000000000e+00
1.698024630546569824e+00 -6.180304884910583496e-01 0.000000000000000000e+00
1.681131958961486816e+00 -5.788602828979492188e-01 0.000000000000000000e+00
1.684321045875549316e+00 -5.472691655158996582e-01 0.000000000000000000e+00
1.668751835823059082e+00 -5.101886987686157227e-01 0.000000000000000000e+00
1.658176422119140625e+00 -4.754745364189147949e-01 0.000000000000000000e+00
1.651733160018920898e+00 -4.425806403160095215e-01 0.000000000000000000e+00
1.657265067100524902e+00 -4.132026731967926025e-01 0.000000000000000000e+00
1.649608492851257324e+00 -3.808422088623046875e-01 0.000000000000000000e+00
1.653069496154785156e+00 -3.513708412647247314e-01 0.000000000000000000e+00
1.640298962593078613e+00 -3.188419044017791748e-01 0.000000000000000000e+00
1.666294693946838379e+00 -2.938128113746643066e-01 0.000000000000000000e+00
1.625735044479370117e+00 -2.574912011623382568e-01 0.000000000000000000e+00
1.627010464668273926e+00 -2.286614775657653809e-01 0.000000000000000000e+00
1.594029068946838379e+00 -1.957222372293472290e-01 0.000000000000000000e+00
1.614109039306640625e+00 -1.696497797966003418e-01 0.000000000000000000e+00
1.616824030876159668e+00 -1.414538472890853882e-01 0.000000000000000000e+00
1.627027034759521484e+00 -1.137728914618492126e-01 0.000000000000000000e+00
1.608792066574096680e+00 -8.431330323219299316e-02 0.000000000000000000e+00
1.589031457901000977e+00 -5.549027770757675171e-02 0.000000000000000000e+00
1.611754417419433594e+00 -2.813335694372653961e-02 0.000000000000000000e+00
