1.605999946594238281e+00 0.000000000000000000e+00 0.000000000000000000e+00
1.609754800796508789e+00 2.809837460517883301e-02 0.000000000000000000e+00
1.570042967796325684e+00 5.482710897922515869e-02 0.000000000000000000e+00
1.576835989952087402e+00 8.263847231864929199e-02 0.000000000000000000e+00
1.574156045913696289e+00 1.100757122039794922e-01 0.000000000000000000e+00
1.589926719665527344e+00 1.391005665063858032e-01 0.000000000000000000e+00
1.568361043930053711e+00 1.648413836956024170e-01 0.000000000000000000e+00
1.562267661094665527e+00 1.918223500251770020e-01 0.000000000000000000e+00
1.548779249191284180e+00 2.176667302846908569e-01 0.000000000000000000e+00
1.582276701927185059e+00 2.506079971790313721e-01 0.000000000000000000e+00
1.513649463653564453e+00 2.668972313404083252e-01 0.000000000000000000e+00
1.545081138610839844e+00 3.003333508968353271e-01 0.000000000000000000e+00
1.543516874313354492e+00 3.280846476554870605e-01 0.000000000000000000e+00
1.548274040222167969e+00 3.574472069740295410e-01 0.000000000000000000e+00
1.558294892311096191e+00 3.885265588760375977e-01 0.000000000000000000e+00
1.547413229942321777e+00 4.146281182765960693e-01 0.000000000000000000e+00
1.539941191673278809e+00 4.415710270404815674e-01 0.000000000000000000e+00
1.493748068809509277e+00 4.566846191883087158e-01 0.000000000000000000e+00
1.507424592971801758e+00 4.897919297218322754e-01 0.000000000000000000e+00
1.522284865379333496e+00 5.241647362709045410e-01 0.000000000000000000e+00
1.505387544631958008e+00 5.479162931442260742e-01 0.000000000000000000e+00
1.491861581802368164e+00 5.726720094680786133e-01 0.000000000000000000e+00
1.485348582267761230e+00 6.001197695732116699e-01 0.000000000000000000e+00
1.512389540672302246e+00 6.419712305068969727e-01 0.000000000000000000e+00
1.495473861694335938e+00 6.658278703689575195e-01 0.000000000000000000e+00
1.498126745223999023e+00 6.985879540443420410e-01 0.000000000000000000e+00
1.503682374954223633e+00 7.333949208259582520e-01 0.000000000000000000e+00
1.505801081657409668e+00 7.672439813613891602e-01 0.000000000000000000e+00
1.492181539535522461e+00 7.934069633483886719e-01 0.000000000000000000e+00
1.451868653297424316e+00 8.047839403152465820e-01 0.000000000000000000e+00
1.473975300788879395e+00 8.510000109672546387e-01 0.000000000000000000e+00
1.457184433937072754e+00 8.755647540092468262e-01 0.000000000000000000e+00
1.473907589912414551e+00 9.209997057914733887e-01 0.000000000000000000e+00
1.459286808967590332e+00 9.476718902587890625e-01 0.000000000000000000e+00
1.454131841659545898e+00 9.808242917060852051e-01 0.000000000000000000e+00
1.375356316566467285e+00 9.630348682403564453e-01 0.000000000000000000e+00
1.439241290092468262e+00 1.045670032501220703e+00 0.000000000000000000e+00
1.449523448944091797e+00 1.092294335365295410e+00 0.000000000000000000e+00
1.418419361114501953e+00 1.108190655708312988e+00 0.000000000000000000e+00
1.433057188987731934e+00 1.160466790199279785e+00 0.000000000000000000e+00
1.415650129318237305e+00 1.187871575355529785e+00 0.000000000000000000e+00
1.421872854232788086e+00 1.236015200614929199e+00 0.000000000000000000e+00
1.396369099617004395e+00 1.257296323776245117e+00 0.000000000000000000e+00
1.390303373336791992e+00 1.296478867530822754e+00 0.000000000000000000e+00
1.377535700798034668e+00 1.330270767211914062e+00 0.000000000000000000e+00
1.313804388046264648e+00 1.313804388046264648e+00 0.000000000000000000e+00
1.276087403297424316e+00 1.321427226066589355e+00 0.000000000000000000e+00
1.216685056686401367e+00 1.304735064506530762e+00 0.000000000000000000e+00
1.180346488952636719e+00 1.310907483100891113e+00 0.000000000000000000e+00
1.136950373649597168e+00 1.307911753654479980e+00 0.000000000000000000e+00
1.122307181358337402e+00 1.337513685226440430e+00 0.000000000000000000e+00
1.115155696868896484e+00 1.377102613449096680e+00 0.000000000000000000e+00
1.113731622695922852e+00 1.425511479377746582e+00 0.000000000000000000e+00
1.088081598281860352e+00 1.443933010101318359e+00 0.000000000000000000e+00
1.110326409339904785e+00 1.528233170509338379e+00 0.000000000000000000e+00
1.078323721885681152e+00 1.540005803108215332e+00 0.000000000000000000e+00
1.075327992439270020e+00 1.594239234924316406e+00 0.000000000000000000e+00
1.063135385513305664e+00 1.637084960937500000e+00 0.000000000000000000e+00
1.040761470794677734e+00 1.665566444396972656e+00 0.000000000000000000e+00
1.032651424407958984e+00 1.718620538711547852e+00 0.000000000000000000e+00
1.034999966621398926e+00 1.792672514915466309e+00 0.000000000000000000e+00
1.035553336143493652e+00 1.868187665939331055e+00 0.000000000000000000e+00
1.018283843994140625e+00 1.915113210678100586e+00 0.000000000000000000e+00
1.007404923439025879e+00 1.977143526077270508e+00 0.000000000000000000e+00
1.163206577301025391e+00 2.740342855453491211e+00 0.000000000000000000e+00
1.177013874053955078e+00 2.913211584091186523e+00 0.000000000000000000e+00
2.777653932571411133e-01 3.174872636795043945e+00 0.000000000000000000e+00
2.246856391429901123e-01 3.213153839111328125e+00 0.000000000000000000e+00
1.671610772609710693e-01 3.189622640609741211e+00 0.000000000000000000e+00
1.147844865918159485e-01 3.286996364593505859e+00 0.000000000000000000e+00
5.499257147312164307e-02 3.150520086288452148e+00 0.000000000000000000e+00
3.858461639083543560e-08 3.171000003814697266e+00 0.000000000000000000e+00
-5.640614032745361328e-02 3.231507778167724609e+00 0.000000000000000000e+00
-1.102125719189643860e-01 3.156076192855834961e+00 0.000000000000000000e+00
-1.675796806812286377e-01 3.197611570358276367e+00 0.000000000000000000e+00
-2.343817055225372314e-01 3.351815223693847656e+00 0.000000000000000000e+00
-2.718387246131896973e-01 3.107131242752075195e+00 0.000000000000000000e+00
-3.247699141502380371e-01 3.089979648590087891e+00 0.000000000000000000e+00
-3.781605362892150879e-01 3.079870700836181641e+00 0.000000000000000000e+00
-4.292098283767700195e-01 3.053986787796020508e+00 0.000000000000000000e+00
-4.804102182388305664e-01 3.033190965652465820e+00 0.000000000000000000e+00
-5.504646897315979004e-01 3.121840715408325195e+00 0.000000000000000000e+00
-5.924618840217590332e-01 3.047952413558959961e+00 0.000000000000000000e+00
-6.472290158271789551e-01 3.044973373413085938e+00 0.000000000000000000e+00
-6.975731849670410156e-01 3.021521568298339844e+00 0.000000000000000000e+00
-1.460991263389587402e+00 3.133105993270874023e+00 0.000000000000000000e+00
-1.469420075416564941e+00 3.012757778167724609e+00 0.000000000000000000e+00
-1.487272858619689941e+00 2.918937444686889648e+00 0.000000000000000000e+00
-1.576954960823059082e+00 2.965821027755737305e+00 0.000000000000000000e+00
-1.980709671974182129e+00 -1.386907696723937988e+00 0.000000000000000000e+00
-1.138927102088928223e+00 -3.129176378250122070e+00 0.000000000000000000e+00
-5.568898320198059082e-01 -3.158278465270996094e+00 0.000000000000000000e+00
-4.926122426986694336e-01 -3.110230445861816406e+00 0.000000000000000000e+00
-4.343593716621398926e-01 -3.090626716613769531e+00 0.000000000000000000e+00
-3.788918852806091309e-01 -3.085825920104980469e+00 0.000000000000000000e+00
9.663660824298858643e-02 -2.767313241958618164e+00 0.000000000000000000e+00
1.633404046297073364e-01 -3.116722822189331055e+00 0.000000000000000000e+00
2.110132277011871338e-01 -3.017631292343139648e+00 0.000000000000000000e+00
2.622515261173248291e-01 -2.997550010681152344e+00 0.000000000000000000e+00
3.115992248058319092e-01 -2.964669704437255859e+00 0.000000000000000000e+00
3.688983917236328125e-01 -3.004437208175659180e+00 0.000000000000000000e+00
4.165449738502502441e-01 -2.963872432708740234e+00 0.000000000000000000e+00
4.713369309902191162e-01 -2.975904941558837891e+00 0.000000000000000000e+00
5.242437720298767090e-01 -2.973134756088256836e+00 0.000000000000000000e+00
5.745257735252380371e-01 -2.955679416656494141e+00 0.000000000000000000e+00
1.045897483825683594e+00 -2.873580217361450195e+00 0.000000000000000000e+00
1.103773117065429688e+00 -2.875427722930908203e+00 0.000000000000000000e+00
1.156410455703735352e+00 -2.862216472625732422e+00 0.000000000000000000e+00
1.201107382774353027e+00 -2.829631805419921875e+00 0.000000000000000000e+00
1.249494910240173340e+00 -2.806411743164062500e+00 0.000000000000000000e+00
1.309693813323974609e+00 -2.808647871017456055e+00 0.000000000000000000e+00
1.372101664543151855e+00 -2.813225507736206055e+00 0.000000000000000000e+00
1.431432008743286133e+00 -2.809343814849853516e+00 0.000000000000000000e+00
1.493388891220092773e+00 -2.808656454086303711e+00 0.000000000000000000e+00
1.576115965843200684e+00 -2.843388557434082031e+00 0.000000000000000000e+00
1.614499926567077637e+00 -2.796396255493164062e+00 0.000000000000000000e+00
1.684174418449401855e+00 -2.802937030792236328e+00 0.000000000000000000e+00
1.719587802886962891e+00 -2.751915931701660156e+00 0.000000000000000000e+00
1.789139151573181152e+00 -2.755033016204833984e+00 0.000000000000000000e+00
1.845336437225341797e+00 -2.735824108123779297e+00 0.000000000000000000e+00
1.915745139122009277e+00 -2.735967874526977539e+00 0.000000000000000000e+00
1.989652991294860840e+00 -2.738522529602050781e+00 0.000000000000000000e+00
2.077465295791625977e+00 -2.756889820098876953e+00 0.000000000000000000e+00
2.030451536178588867e+00 -2.598859548568725586e+00 0.000000000000000000e+00
2.147241115570068359e+00 -2.651622056961059570e+00 0.000000000000000000e+00
1.979142904281616211e+00 -2.358650922775268555e+00 0.000000000000000000e+00
1.918972492218017578e+00 -2.207525491714477539e+00 0.000000000000000000e+00
1.921073913574218750e+00 -2.133569002151489258e+00 0.000000000000000000e+00
1.895273327827453613e+00 -2.032432079315185547e+00 0.000000000000000000e+00
1.888081312179565430e+00 -1.955165624618530273e+00 0.000000000000000000e+00
1.887975096702575684e+00 -1.887975215911865234e+00 0.000000000000000000e+00
1.858774065971374512e+00 -1.794997334480285645e+00 0.000000000000000000e+00
1.823264718055725098e+00 -1.700222015380859375e+00 0.000000000000000000e+00
1.811787009239196777e+00 -1.631340503692626953e+00 0.000000000000000000e+00
1.807529330253601074e+00 -1.571261405944824219e+00 0.000000000000000000e+00
1.787947773933410645e+00 -1.500266432762145996e+00 0.000000000000000000e+00
1.784327030181884766e+00 -1.444919705390930176e+00 0.000000000000000000e+00
1.803756594657897949e+00 -1.409249186515808105e+00 0.000000000000000000e+00
1.794533967971801758e+00 -1.352278470993041992e+00 0.000000000000000000e+00
1.784691452980041504e+00 -1.296654343605041504e+00 0.000000000000000000e+00
1.757900118827819824e+00 -1.230895042419433594e+00 0.000000000000000000e+00
1.765850067138671875e+00 -1.191081047058105469e+00 0.000000000000000000e+00
1.774626851081848145e+00 -1.152456283569335938e+00 0.000000000000000000e+00
1.741042613983154297e+00 -1.087924361228942871e+00 0.000000000000000000e+00
1.750335574150085449e+00 -1.051707863807678223e+00 0.000000000000000000e+00
1.738978862762451172e+00 -1.004000067710876465e+00 0.000000000000000000e+00
1.730872392654418945e+00 -9.594383239746093750e-01 0.000000000000000000e+00
1.747353196144104004e+00 -9.290843009948730469e-01 0.000000000000000000e+00
1.699149370193481445e+00 -8.657599091529846191e-01 0.000000000000000000e+00
1.721190571784973145e+00 -8.394808173179626465e-01 0.000000000000000000e+00
1.673044085502624512e+00 -7.801533937454223633e-01 0.000000000000000000e+00
1.678182959556579590e+00 -7.471752762794494629e-01 0.000000000000000000e+00
1.696490406990051270e+00 -7.201175689697265625e-01 0.000000000000000000e+00
1.701382398605346680e+00 -6.874032020568847656e-01 0.000000000000000000e+00
1.691647768020629883e+00 -6.493628025054931641e-01 0.000000000000000000e+00
1.704602360725402832e+00 -6.204246282577514648e-01 0.000000000000000000e+00
1.687750577926635742e+00 -5.811392068862915039e-01 0.000000000000000000e+00
1.665300011634826660e+00 -5.410888195037841797e-01 0.000000000000000000e+00
1.671620726585388184e+00 -5.110658407211303711e-01 0.000000000000000000e+00
1.656253933906555176e+00 -4.749232530593872070e-01 0.000000000000000000e+00
1.652698993682861328e+00 -4.428394436836242676e-01 0.000000000000000000e+00
1.661146283149719238e+00 -4.141703546047210693e-01 0.000000000000000000e+00
1.646685481071472168e+00 -3.801673650741577148e-01 0.000000000000000000e+00
1.669697999954223633e+00 -3.549053370952606201e-01 0.000000000000000000e+00
1.650115251541137695e+00 -3.207499980926513672e-01 0.000000000000000000e+00
1.664325118064880371e+00 -2.934654951095581055e-01 0.000000000000000000e+00
1.673143982887268066e+00 -2.650000751018524170e-01 0.000000000000000000e+00
1.603243947029113770e+00 -2.253213226795196533e-01 0.000000000000000000e+00
1.592043995857238770e+00 -1.954784989356994629e-01 0.000000000000000000e+00
1.626043319702148438e+00 -1.709041148424148560e-01 0.000000000000000000e+00
1.602877259254455566e+00 -1.402336657047271729e-01 0.000000000000000000e+00
1.631017208099365234e+00 -1.140519157052040100e-01 0.000000000000000000e+00
1.583826422691345215e+00 -8.300489932298660278e-02 0.000000000000000000e+00
1.599025368690490723e+00 -5.583927407860755920e-02 0.000000000000000000e+00
1.599756360054016113e+00 -2.792392857372760773e-02 0.000000000000000000e+00
