-1.923330545425415039e+00 -1.923330426216125488e+00 0.000000000000000000e+00
-1.851264595985412598e+00 -1.917040467262268066e+00 0.000000000000000000e+00
-1.782061696052551270e+00 -1.911027073860168457e+00 0.000000000000000000e+00
-1.726356983184814453e+00 -1.917313575744628906e+00 0.000000000000000000e+00
-1.677542924880981445e+00 -1.929792284965515137e+00 0.000000000000000000e+00
-1.617896437644958496e+00 -1.928133726119995117e+00 0.000000000000000000e+00
-1.563231945037841797e+00 -1.930430531501770020e+00 0.000000000000000000e+00
-1.515142917633056641e+00 -1.939294338226318359e+00 0.000000000000000000e+00
-1.135256290435791016e+00 -3.297023296356201172e+00 0.000000000000000000e+00
-1.063945651054382324e+00 -3.274487733840942383e+00 0.000000000000000000e+00
8.433396220207214355e-01 -3.382451057434082031e+00 0.000000000000000000e+00
4.499024748802185059e-01 -1.113547801971435547e+00 0.000000000000000000e+00
