1.608000040054321289e+00 0.000000000000000000e+00 0.000000000000000000e+00
1.667745947837829590e+00 2.911061421036720276e-02 0.000000000000000000e+00
1.680975437164306641e+00 5.870095267891883850e-02 0.000000000000000000e+00
1.671705842018127441e+00 8.761039376258850098e-02 0.000000000000000000e+00
1.608073234558105469e+00 1.124474331736564636e-01 0.000000000000000000e+00
1.688550114631652832e+00 1.477289944887161255e-01 0.000000000000000000e+00
1.682731032371520996e+00 1.768621653318405151e-01 0.000000000000000000e+00
1.663507342338562012e+00 2.042530179023742676e-01 0.000000000000000000e+00
1.709202647209167480e+00 2.402127683162689209e-01 0.000000000000000000e+00
1.666230320930480957e+00 2.639049589633941650e-01 0.000000000000000000e+00
1.633796095848083496e+00 2.880823314189910889e-01 0.000000000000000000e+00
1.676619172096252441e+00 3.259017467498779297e-01 0.000000000000000000e+00
1.613943576812744141e+00 3.430542945861816406e-01 0.000000000000000000e+00
1.703198909759521484e+00 3.932144343852996826e-01 0.000000000000000000e+00
1.705779910087585449e+00 4.252986907958984375e-01 0.000000000000000000e+00
1.686506509780883789e+00 4.518980681896209717e-01 0.000000000000000000e+00
1.685091733932495117e+00 4.831922948360443115e-01 0.000000000000000000e+00
1.684052705764770508e+00 5.148665904998779297e-01 0.000000000000000000e+00
1.695733785629272461e+00 5.509772896766662598e-01 0.000000000000000000e+00
1.697205781936645508e+00 5.843948125839233398e-01 0.000000000000000000e+00
1.693326115608215332e+00 6.163203120231628418e-01 0.000000000000000000e+00
1.704717874526977539e+00 6.543798446655273438e-01 0.000000000000000000e+00
1.617935776710510254e+00 6.536884903907775879e-01 0.000000000000000000e+00
1.711218476295471191e+00 7.263691425323486328e-01 0.000000000000000000e+00
1.707416415214538574e+00 7.601907849311828613e-01 0.000000000000000000e+00
1.695701956748962402e+00 7.907187938690185547e-01 0.000000000000000000e+00
1.706809997558593750e+00 8.324668407440185547e-01 0.000000000000000000e+00
1.702713489532470703e+00 8.675758242607116699e-01 0.000000000000000000e+00
1.654643774032592773e+00 8.797897100448608398e-01 0.000000000000000000e+00
1.708132266998291016e+00 9.468331336975097656e-01 0.000000000000000000e+00
1.665366888046264648e+00 9.614999890327453613e-01 0.000000000000000000e+00
1.737478137016296387e+00 1.043982148170471191e+00 0.000000000000000000e+00
1.720689654350280762e+00 1.075206160545349121e+00 0.000000000000000000e+00
1.716758608818054199e+00 1.114876031875610352e+00 0.000000000000000000e+00
1.649784803390502930e+00 1.112793922424316406e+00 0.000000000000000000e+00
1.582601785659790039e+00 1.108149647712707520e+00 0.000000000000000000e+00
1.543604373931884766e+00 1.121494293212890625e+00 0.000000000000000000e+00
1.493448376655578613e+00 1.125394105911254883e+00 0.000000000000000000e+00
1.457031846046447754e+00 1.138357996940612793e+00 0.000000000000000000e+00
1.429948568344116211e+00 1.157949566841125488e+00 0.000000000000000000e+00
1.463144898414611816e+00 1.227724313735961914e+00 0.000000000000000000e+00
1.459608316421508789e+00 1.268818140029907227e+00 0.000000000000000000e+00
1.458050131797790527e+00 1.312834262847900391e+00 0.000000000000000000e+00
1.446617603302001953e+00 1.348992824554443359e+00 0.000000000000000000e+00
1.432924866676330566e+00 1.383759498596191406e+00 0.000000000000000000e+00
1.467953681945800781e+00 1.467953681945800781e+00 0.000000000000000000e+00
1.466423869132995605e+00 1.518526315689086914e+00 0.000000000000000000e+00
1.483346462249755859e+00 1.590694308280944824e+00 0.000000000000000000e+00
1.478109598159790039e+00 1.641607046127319336e+00 0.000000000000000000e+00
1.464323878288269043e+00 1.684511899948120117e+00 0.000000000000000000e+00
1.473269224166870117e+00 1.755773901939392090e+00 0.000000000000000000e+00
1.475127100944519043e+00 1.821630239486694336e+00 0.000000000000000000e+00
1.777414798736572266e+00 2.274986982345581055e+00 0.000000000000000000e+00
1.763318061828613281e+00 2.340002059936523438e+00 0.000000000000000000e+00
1.756302356719970703e+00 2.417342662811279297e+00 0.000000000000000000e+00
1.764894604682922363e+00 2.520530700683593750e+00 0.000000000000000000e+00
1.813462615013122559e+00 2.688568830490112305e+00 0.000000000000000000e+00
1.423260211944580078e+00 2.793305397033691406e+00 0.000000000000000000e+00
9.689198136329650879e-01 3.169193744659423828e+00 0.000000000000000000e+00
9.300004839897155762e-01 3.243297100067138672e+00 0.000000000000000000e+00
8.647145032882690430e-01 3.227158308029174805e+00 0.000000000000000000e+00
8.186637163162231445e-01 3.283480882644653320e+00 0.000000000000000000e+00
7.398640513420104980e-01 3.204703092575073242e+00 0.000000000000000000e+00
6.894351840019226074e-01 3.243537425994873047e+00 0.000000000000000000e+00
6.331043243408203125e-01 3.257039070129394531e+00 0.000000000000000000e+00
5.624464750289916992e-01 3.189792394638061523e+00 0.000000000000000000e+00
5.002774596214294434e-01 3.158627271652221680e+00 0.000000000000000000e+00
4.489724636077880859e-01 3.194604873657226562e+00 0.000000000000000000e+00
4.037531614303588867e-01 3.288305282592773438e+00 0.000000000000000000e+00
3.367907404899597168e-01 3.204349517822265625e+00 0.000000000000000000e+00
2.771553099155426025e-01 3.167899131774902344e+00 0.000000000000000000e+00
2.237787991762161255e-01 3.200185298919677734e+00 0.000000000000000000e+00
1.672657579183578491e-01 3.191620111465454102e+00 0.000000000000000000e+00
1.112247332930564880e-01 3.185058593750000000e+00 0.000000000000000000e+00
5.919860303401947021e-02 3.391483306884765625e+00 0.000000000000000000e+00
3.904699852341764199e-08 3.209000110626220703e+00 0.000000000000000000e+00
-5.813392624258995056e-02 3.330492734909057617e+00 0.000000000000000000e+00
-1.134233251214027405e-01 3.248020172119140625e+00 0.000000000000000000e+00
-1.694114506244659424e-01 3.232563734054565430e+00 0.000000000000000000e+00
-2.333353608846664429e-01 3.336851835250854492e+00 0.000000000000000000e+00
-2.892698645591735840e-01 3.306370258331298828e+00 0.000000000000000000e+00
-3.387767076492309570e-01 3.223245382308959961e+00 0.000000000000000000e+00
-4.058248698711395264e-01 3.305178642272949219e+00 0.000000000000000000e+00
-4.620546400547027588e-01 3.287689924240112305e+00 0.000000000000000000e+00
-5.145128965377807617e-01 3.248507022857666016e+00 0.000000000000000000e+00
-5.834578275680541992e-01 3.308954000473022461e+00 0.000000000000000000e+00
-6.554288268089294434e-01 3.371889352798461914e+00 0.000000000000000000e+00
-6.873559951782226562e-01 3.233756065368652344e+00 0.000000000000000000e+00
-7.405388355255126953e-01 3.207626342773437500e+00 0.000000000000000000e+00
-8.014872074127197266e-01 3.214589834213256836e+00 0.000000000000000000e+00
-8.706672191619873047e-01 3.249374628067016602e+00 0.000000000000000000e+00
-9.330323934555053711e-01 3.253870964050292969e+00 0.000000000000000000e+00
-9.917247891426086426e-01 3.243785619735717773e+00 0.000000000000000000e+00
-1.048494577407836914e+00 3.226934671401977539e+00 0.000000000000000000e+00
-1.133953809738159180e+00 3.293241262435913086e+00 0.000000000000000000e+00
-2.057611227035522461e+00 7.898430228233337402e-01 0.000000000000000000e+00
-2.010942220687866211e+00 7.319231629371643066e-01 0.000000000000000000e+00
-1.178278684616088867e+00 -1.137850403785705566e+00 0.000000000000000000e+00
-1.130663752555847168e+00 -1.130663633346557617e+00 0.000000000000000000e+00
-1.145491719245910645e+00 -1.186191320419311523e+00 0.000000000000000000e+00
-1.115067362785339355e+00 -1.195763230323791504e+00 0.000000000000000000e+00
-1.108080387115478516e+00 -1.230647802352905273e+00 0.000000000000000000e+00
-1.066095948219299316e+00 -1.226402997970581055e+00 0.000000000000000000e+00
-1.028460264205932617e+00 -1.225671052932739258e+00 0.000000000000000000e+00
-9.477565884590148926e-01 -1.170381784439086914e+00 0.000000000000000000e+00
-9.622789025306701660e-01 -1.231660723686218262e+00 0.000000000000000000e+00
-9.388314485549926758e-01 -1.245871305465698242e+00 0.000000000000000000e+00
-1.078047633171081543e+00 -2.961910963058471680e+00 0.000000000000000000e+00
-1.059073328971862793e+00 -3.075771808624267578e+00 0.000000000000000000e+00
-2.971745133399963379e-01 -2.827425718307495117e+00 0.000000000000000000e+00
-2.659994363784790039e-01 -3.040386199951171875e+00 0.000000000000000000e+00
-2.056421935558319092e-01 -2.940818786621093750e+00 0.000000000000000000e+00
-1.554379016160964966e-01 -2.965929746627807617e+00 0.000000000000000000e+00
-1.064784824848175049e-01 -3.049141645431518555e+00 0.000000000000000000e+00
-5.324740335345268250e-02 -3.050535440444946289e+00 0.000000000000000000e+00
-1.081610392361653794e-07 -2.963000059127807617e+00 0.000000000000000000e+00
5.115289613604545593e-02 -2.930553674697875977e+00 0.000000000000000000e+00
1.030930057168006897e-01 -2.952200412750244141e+00 0.000000000000000000e+00
6.856507062911987305e-01 -2.969880104064941406e+00 0.000000000000000000e+00
7.419742941856384277e-01 -2.975896835327148438e+00 0.000000000000000000e+00
7.969037294387817383e-01 -2.974085569381713867e+00 0.000000000000000000e+00
8.561294674873352051e-01 -2.985678911209106445e+00 0.000000000000000000e+00
9.212631583213806152e-01 -3.013316392898559570e+00 0.000000000000000000e+00
9.551714658737182617e-01 -2.939715862274169922e+00 0.000000000000000000e+00
1.033353209495544434e+00 -3.001075983047485352e+00 0.000000000000000000e+00
1.437747240066528320e+00 -3.083259105682373047e+00 0.000000000000000000e+00
1.413779377937316895e+00 -2.352924108505249023e+00 0.000000000000000000e+00
1.519278526306152344e+00 -2.431354045867919922e+00 0.000000000000000000e+00
1.565292477607727051e+00 -2.410339355468750000e+00 0.000000000000000000e+00
1.575246214866638184e+00 -2.335398912429809570e+00 0.000000000000000000e+00
1.580203056335449219e+00 -2.256763935089111328e+00 0.000000000000000000e+00
1.574676513671875000e+00 -2.167356491088867188e+00 0.000000000000000000e+00
1.585782527923583984e+00 -2.104404687881469727e+00 0.000000000000000000e+00
1.587175250053405762e+00 -2.031491756439208984e+00 0.000000000000000000e+00
1.572671651840209961e+00 -1.942087888717651367e+00 0.000000000000000000e+00
1.578043460845947266e+00 -1.880639076232910156e+00 0.000000000000000000e+00
1.591599225997924805e+00 -1.830925583839416504e+00 0.000000000000000000e+00
1.591192483901977539e+00 -1.767198443412780762e+00 0.000000000000000000e+00
1.591102123260498047e+00 -1.706248164176940918e+00 0.000000000000000000e+00
1.588683605194091797e+00 -1.645130157470703125e+00 0.000000000000000000e+00
1.599475502967834473e+00 -1.599475622177124023e+00 0.000000000000000000e+00
1.602688908576965332e+00 -1.547698855400085449e+00 0.000000000000000000e+00
1.597276449203491211e+00 -1.489484548568725586e+00 0.000000000000000000e+00
1.601477026939392090e+00 -1.441976547241210938e+00 0.000000000000000000e+00
1.603757739067077637e+00 -1.394125461578369141e+00 0.000000000000000000e+00
1.620949983596801758e+00 -1.360138654708862305e+00 0.000000000000000000e+00
1.618017792701721191e+00 -1.310245156288146973e+00 0.000000000000000000e+00
1.606753945350646973e+00 -1.255333781242370605e+00 0.000000000000000000e+00
1.602062821388244629e+00 -1.207241058349609375e+00 0.000000000000000000e+00
1.613179802894592285e+00 -1.172043800354003906e+00 0.000000000000000000e+00
1.619463562965393066e+00 -1.133960723876953125e+00 0.000000000000000000e+00
1.609161853790283203e+00 -1.085393428802490234e+00 0.000000000000000000e+00
1.628698229789733887e+00 -1.057689070701599121e+00 0.000000000000000000e+00
1.615531563758850098e+00 -1.009496212005615234e+00 0.000000000000000000e+00
1.629474997520446777e+00 -9.790874719619750977e-01 0.000000000000000000e+00
1.616003394126892090e+00 -9.330000877380371094e-01 0.000000000000000000e+00
1.611924171447753906e+00 -8.935042023658752441e-01 0.000000000000000000e+00
1.640516638755798340e+00 -8.722782731056213379e-01 0.000000000000000000e+00
1.656381011009216309e+00 -8.439683914184570312e-01 0.000000000000000000e+00
1.647489428520202637e+00 -8.035343885421752930e-01 0.000000000000000000e+00
1.615946769714355469e+00 -7.535284161567687988e-01 0.000000000000000000e+00
1.599618077278137207e+00 -7.121959328651428223e-01 0.000000000000000000e+00
1.637578129768371582e+00 -6.951107978820800781e-01 0.000000000000000000e+00
1.639261007308959961e+00 -6.623045206069946289e-01 0.000000000000000000e+00
1.635632872581481934e+00 -6.278607249259948730e-01 0.000000000000000000e+00
1.649160504341125488e+00 -6.002454161643981934e-01 0.000000000000000000e+00
1.638583660125732422e+00 -5.642096996307373047e-01 0.000000000000000000e+00
1.641523480415344238e+00 -5.333634018898010254e-01 0.000000000000000000e+00
1.638150095939636230e+00 -5.008327960968017578e-01 0.000000000000000000e+00
1.639912366867065430e+00 -4.702374041080474854e-01 0.000000000000000000e+00
1.658494591712951660e+00 -4.443923830986022949e-01 0.000000000000000000e+00
1.638829469680786133e+00 -4.086061716079711914e-01 0.000000000000000000e+00
1.654480338096618652e+00 -3.819669485092163086e-01 0.000000000000000000e+00
1.680457592010498047e+00 -3.571923673152923584e-01 0.000000000000000000e+00
1.646188855171203613e+00 -3.199867606163024902e-01 0.000000000000000000e+00
1.690914869308471680e+00 -2.981539964675903320e-01 0.000000000000000000e+00
1.644501090049743652e+00 -2.604634463787078857e-01 0.000000000000000000e+00
1.670582294464111328e+00 -2.347851097583770752e-01 0.000000000000000000e+00
1.580133438110351562e+00 -1.940160691738128662e-01 0.000000000000000000e+00
1.626043319702148438e+00 -1.709041148424148560e-01 0.000000000000000000e+00
1.673606991767883301e+00 -1.464217305183410645e-01 0.000000000000000000e+00
1.656953930854797363e+00 -1.158655807375907898e-01 0.000000000000000000e+00
1.662718176841735840e+00 -8.713944256305694580e-02 0.000000000000000000e+00
1.671980857849121094e+00 -5.838693678379058838e-02 0.000000000000000000e+00
1.598756432533264160e+00 -2.790647558867931366e-02 0.000000000000000000e+00
