1.600999951362609863e+00 0.000000000000000000e+00 0.000000000000000000e+00
1.600756168365478516e+00 2.794130146503448486e-02 0.000000000000000000e+00
1.577038645744323730e+00 5.507140234112739563e-02 0.000000000000000000e+00
1.584825038909912109e+00 8.305716514587402344e-02 0.000000000000000000e+00
1.568170666694641113e+00 1.096571758389472961e-01 0.000000000000000000e+00
1.612839221954345703e+00 1.411051452159881592e-01 0.000000000000000000e+00
1.580295324325561523e+00 1.660957187414169312e-01 0.000000000000000000e+00
1.546386837959289551e+00 1.898724287748336792e-01 0.000000000000000000e+00
1.573535919189453125e+00 2.211460471153259277e-01 0.000000000000000000e+00
1.549682974815368652e+00 2.454456686973571777e-01 0.000000000000000000e+00
1.551072239875793457e+00 2.734958827495574951e-01 0.000000000000000000e+00
1.533301711082458496e+00 2.980436682701110840e-01 0.000000000000000000e+00
1.536669850349426270e+00 3.266292512416839600e-01 0.000000000000000000e+00
1.539504766464233398e+00 3.554226756095886230e-01 0.000000000000000000e+00
1.528215765953063965e+00 3.810269832611083984e-01 0.000000000000000000e+00
1.530026555061340332e+00 4.099693596363067627e-01 0.000000000000000000e+00
1.557243943214416504e+00 4.465325176715850830e-01 0.000000000000000000e+00
1.522437214851379395e+00 4.654557406902313232e-01 0.000000000000000000e+00
1.525494575500488281e+00 4.956632554531097412e-01 0.000000000000000000e+00
1.529849052429199219e+00 5.267692804336547852e-01 0.000000000000000000e+00
1.495050907135009766e+00 5.441540479660034180e-01 0.000000000000000000e+00
1.520802497863769531e+00 5.837813615798950195e-01 0.000000000000000000e+00
1.494620323181152344e+00 6.038658022880554199e-01 0.000000000000000000e+00
1.512389540672302246e+00 6.419712305068969727e-01 0.000000000000000000e+00
1.539324045181274414e+00 6.853511929512023926e-01 0.000000000000000000e+00
1.452811479568481445e+00 6.774570941925048828e-01 0.000000000000000000e+00
1.498289704322814941e+00 7.307647466659545898e-01 0.000000000000000000e+00
1.506692051887512207e+00 7.676979303359985352e-01 0.000000000000000000e+00
1.455980658531188965e+00 7.741585969924926758e-01 0.000000000000000000e+00
1.483355045318603516e+00 8.222370743751525879e-01 0.000000000000000000e+00
1.484367489814758301e+00 8.569999933242797852e-01 0.000000000000000000e+00
1.475184917449951172e+00 8.863804936408996582e-01 0.000000000000000000e+00
1.427264928817749023e+00 8.918541073799133301e-01 0.000000000000000000e+00
1.465996146202087402e+00 9.520290493965148926e-01 0.000000000000000000e+00
1.456619024276733398e+00 9.825019240379333496e-01 0.000000000000000000e+00
1.414675593376159668e+00 9.905664920806884766e-01 0.000000000000000000e+00
1.436814188957214355e+00 1.043906569480895996e+00 0.000000000000000000e+00
1.431154847145080566e+00 1.078452587127685547e+00 0.000000000000000000e+00
1.410539269447326660e+00 1.102033972740173340e+00 0.000000000000000000e+00
1.416737079620361328e+00 1.147251009941101074e+00 0.000000000000000000e+00
1.420246362686157227e+00 1.191728234291076660e+00 0.000000000000000000e+00
1.418099284172058105e+00 1.232734918594360352e+00 0.000000000000000000e+00
1.411232113838195801e+00 1.270678997039794922e+00 0.000000000000000000e+00
1.393228769302368164e+00 1.299206852912902832e+00 0.000000000000000000e+00
1.398396611213684082e+00 1.350415825843811035e+00 0.000000000000000000e+00
1.325825214385986328e+00 1.325825214385986328e+00 0.000000000000000000e+00
1.247606396675109863e+00 1.291934251785278320e+00 0.000000000000000000e+00
1.228279113769531250e+00 1.317167997360229492e+00 0.000000000000000000e+00
1.191721677780151367e+00 1.323540925979614258e+00 0.000000000000000000e+00
1.156632065773010254e+00 1.330552935600280762e+00 0.000000000000000000e+00
1.138376832008361816e+00 1.356664776802062988e+00 0.000000000000000000e+00
1.115155696868896484e+00 1.377102613449096680e+00 0.000000000000000000e+00
1.100802779197692871e+00 1.408963203430175781e+00 0.000000000000000000e+00
1.092294335365295410e+00 1.449523448944091797e+00 0.000000000000000000e+00
1.099158406257629395e+00 1.512861728668212891e+00 0.000000000000000000e+00
1.071440815925598145e+00 1.530176043510437012e+00 0.000000000000000000e+00
1.074209570884704590e+00 1.592581152915954590e+00 0.000000000000000000e+00
1.060412287712097168e+00 1.632891654968261719e+00 0.000000000000000000e+00
1.055599212646484375e+00 1.689311742782592773e+00 0.000000000000000000e+00
1.040891885757446289e+00 1.732334971427917480e+00 0.000000000000000000e+00
1.024999976158142090e+00 1.775352001190185547e+00 0.000000000000000000e+00
1.028281211853027344e+00 1.855068445205688477e+00 0.000000000000000000e+00
1.007016539573669434e+00 1.893922567367553711e+00 0.000000000000000000e+00
9.919692277908325195e-01 1.946849226951599121e+00 0.000000000000000000e+00
1.145623683929443359e+00 2.698920249938964844e+00 0.000000000000000000e+00
1.135432600975036621e+00 2.810294151306152344e+00 0.000000000000000000e+00
9.550834298133850098e-01 3.330771684646606445e+00 0.000000000000000000e+00
8.797259330749511719e-01 3.283181905746459961e+00 0.000000000000000000e+00
2.780268490314483643e-01 3.177861213684082031e+00 0.000000000000000000e+00
2.239183187484741211e-01 3.202180624008178711e+00 0.000000000000000000e+00
1.688881665468215942e-01 3.222577571868896484e+00 0.000000000000000000e+00
1.113643348217010498e-01 3.189056158065795898e+00 0.000000000000000000e+00
5.609207227826118469e-02 3.213510513305664062e+00 0.000000000000000000e+00
3.847510399168641015e-08 3.161999940872192383e+00 0.000000000000000000e+00
-5.464344844222068787e-02 3.130523204803466797e+00 0.000000000000000000e+00
-1.115736514329910278e-01 3.195052385330200195e+00 0.000000000000000000e+00
-1.679983884096145630e-01 3.205600738525390625e+00 0.000000000000000000e+00
-2.218255549669265747e-01 3.172253847122192383e+00 0.000000000000000000e+00
-2.721001803874969482e-01 3.110119819641113281e+00 0.000000000000000000e+00
-3.285329043865203857e-01 3.125782251358032227e+00 0.000000000000000000e+00
-3.760887384414672852e-01 3.062997341156005859e+00 0.000000000000000000e+00
-4.308798611164093018e-01 3.065869808197021484e+00 0.000000000000000000e+00
-4.821309745311737061e-01 3.044055461883544922e+00 0.000000000000000000e+00
-5.379620194435119629e-01 3.050934553146362305e+00 0.000000000000000000e+00
-5.930343270301818848e-01 3.050897359848022461e+00 0.000000000000000000e+00
-6.470211148262023926e-01 3.043995380401611328e+00 0.000000000000000000e+00
-7.016223073005676270e-01 3.039060115814208984e+00 0.000000000000000000e+00
-7.630216479301452637e-01 3.060312747955322266e+00 0.000000000000000000e+00
-1.405628323554992676e+00 3.014379739761352539e+00 0.000000000000000000e+00
-1.443994522094726562e+00 2.960627555847167969e+00 0.000000000000000000e+00
-1.491358757019042969e+00 2.926956415176391602e+00 0.000000000000000000e+00
-1.562870740890502930e+00 2.939332485198974609e+00 0.000000000000000000e+00
-1.649322271347045898e+00 2.975456237792968750e+00 0.000000000000000000e+00
-1.644999980926513672e+00 2.849223613739013672e+00 0.000000000000000000e+00
-1.750614285469055176e+00 2.913511514663696289e+00 0.000000000000000000e+00
-1.799605727195739746e+00 2.879971265792846680e+00 0.000000000000000000e+00
-1.888263463973999023e+00 2.907670974731445312e+00 0.000000000000000000e+00
-1.966720342636108398e+00 -1.428905844688415527e+00 0.000000000000000000e+00
-1.304380297660827637e+00 -3.228454351425170898e+00 0.000000000000000000e+00
-1.132428884506225586e+00 -3.111322402954101562e+00 0.000000000000000000e+00
-5.490756630897521973e-01 -3.113961935043334961e+00 0.000000000000000000e+00
-4.877627789974212646e-01 -3.079612255096435547e+00 0.000000000000000000e+00
-4.333851635456085205e-01 -3.083694934844970703e+00 0.000000000000000000e+00
-2.165242135524749756e-01 -3.096438884735107422e+00 0.000000000000000000e+00
1.646488010883331299e-01 -3.141688346862792969e+00 0.000000000000000000e+00
2.162449508905410767e-01 -3.092448472976684570e+00 0.000000000000000000e+00
2.636460065841674805e-01 -3.013489007949829102e+00 0.000000000000000000e+00
3.156758546829223633e-01 -3.003456115722656250e+00 0.000000000000000000e+00
3.653641641139984131e-01 -2.975653171539306641e+00 0.000000000000000000e+00
4.179367125034332275e-01 -2.973775148391723633e+00 0.000000000000000000e+00
4.705547392368316650e-01 -2.970966339111328125e+00 0.000000000000000000e+00
5.226808786392211914e-01 -2.964271306991577148e+00 0.000000000000000000e+00
5.707095861434936523e-01 -2.936046838760375977e+00 0.000000000000000000e+00
1.053079962730407715e+00 -2.893313646316528320e+00 0.000000000000000000e+00
1.104131579399108887e+00 -2.876361370086669922e+00 0.000000000000000000e+00
1.160531163215637207e+00 -2.872415781021118164e+00 0.000000000000000000e+00
1.199544429779052734e+00 -2.825949907302856445e+00 0.000000000000000000e+00
1.258036255836486816e+00 -2.825596094131469727e+00 0.000000000000000000e+00
1.341812849044799805e+00 -2.877527236938476562e+00 0.000000000000000000e+00
1.372101664543151855e+00 -2.813225507736206055e+00 0.000000000000000000e+00
1.412364363670349121e+00 -2.771921396255493164e+00 0.000000000000000000e+00
1.488694190979003906e+00 -2.799826860427856445e+00 0.000000000000000000e+00
1.555754065513610840e+00 -2.806654691696166992e+00 0.000000000000000000e+00
1.638499855995178223e+00 -2.837965250015258789e+00 0.000000000000000000e+00
1.683144211769104004e+00 -2.801222801208496094e+00 0.000000000000000000e+00
1.718528032302856445e+00 -2.750220060348510742e+00 0.000000000000000000e+00
1.793496251106262207e+00 -2.761742353439331055e+00 0.000000000000000000e+00
1.863230705261230469e+00 -2.762353181838989258e+00 0.000000000000000000e+00
1.946144700050354004e+00 -2.779382944107055664e+00 0.000000000000000000e+00
2.017885684967041016e+00 -2.677824974060058594e+00 0.000000000000000000e+00
2.040302038192749023e+00 -2.611467599868774414e+00 0.000000000000000000e+00
1.948375821113586426e+00 -2.406044006347656250e+00 0.000000000000000000e+00
1.956002593040466309e+00 -2.331073284149169922e+00 0.000000000000000000e+00
1.905851364135742188e+00 -2.192431449890136719e+00 0.000000000000000000e+00
1.865536093711853027e+00 -2.071887969970703125e+00 0.000000000000000000e+00
1.875495433807373047e+00 -2.011222839355468750e+00 0.000000000000000000e+00
1.869325637817382812e+00 -1.935743451118469238e+00 0.000000000000000000e+00
1.864640593528747559e+00 -1.864640712738037109e+00 0.000000000000000000e+00
1.824965000152587891e+00 -1.762348294258117676e+00 0.000000000000000000e+00
1.811563014984130859e+00 -1.689309954643249512e+00 0.000000000000000000e+00
1.812530040740966797e+00 -1.632009506225585938e+00 0.000000000000000000e+00
1.796208858489990234e+00 -1.561420679092407227e+00 0.000000000000000000e+00
1.799438357353210449e+00 -1.509908199310302734e+00 0.000000000000000000e+00
1.808418512344360352e+00 -1.464428544044494629e+00 0.000000000000000000e+00
1.805332541465759277e+00 -1.410480499267578125e+00 0.000000000000000000e+00
1.800923109054565430e+00 -1.357092976570129395e+00 0.000000000000000000e+00
1.795208692550659180e+00 -1.304295659065246582e+00 0.000000000000000000e+00
1.797219514846801758e+00 -1.258426785469055176e+00 0.000000000000000000e+00
1.750927329063415527e+00 -1.181015491485595703e+00 0.000000000000000000e+00
1.763724088668823242e+00 -1.145375967025756836e+00 0.000000000000000000e+00
1.733410239219665527e+00 -1.083155035972595215e+00 0.000000000000000000e+00
1.761478781700134277e+00 -1.058403372764587402e+00 0.000000000000000000e+00
1.766691803932189941e+00 -1.020000100135803223e+00 0.000000000000000000e+00
1.749239325523376465e+00 -9.696193337440490723e-01 0.000000000000000000e+00
1.682898044586181641e+00 -8.948128819465637207e-01 0.000000000000000000e+00
1.754391789436340332e+00 -8.939073681831359863e-01 0.000000000000000000e+00
1.720291852951049805e+00 -8.390424847602844238e-01 0.000000000000000000e+00
1.704764962196350098e+00 -7.949450612068176270e-01 0.000000000000000000e+00
1.631592154502868652e+00 -7.264317274093627930e-01 0.000000000000000000e+00
1.699251890182495117e+00 -7.212896943092346191e-01 0.000000000000000000e+00
1.693037629127502441e+00 -6.840317249298095703e-01 0.000000000000000000e+00
1.686979889869689941e+00 -6.475709676742553711e-01 0.000000000000000000e+00
1.699903964996337891e+00 -6.187145113945007324e-01 0.000000000000000000e+00
1.685859560966491699e+00 -5.804880857467651367e-01 0.000000000000000000e+00
1.685272097587585449e+00 -5.475781559944152832e-01 0.000000000000000000e+00
1.683096289634704590e+00 -5.145742893218994141e-01 0.000000000000000000e+00
1.648563861846923828e+00 -4.727181494235992432e-01 0.000000000000000000e+00
1.665256023406982422e+00 -4.462040960788726807e-01 0.000000000000000000e+00
1.692195653915405273e+00 -4.219118654727935791e-01 0.000000000000000000e+00
1.675916552543640137e+00 -3.869158923625946045e-01 0.000000000000000000e+00
1.665785312652587891e+00 -3.540736734867095947e-01 0.000000000000000000e+00
1.641280651092529297e+00 -3.190327286720275879e-01 0.000000000000000000e+00
1.663340330123901367e+00 -2.932918667793273926e-01 0.000000000000000000e+00
1.633636593818664551e+00 -2.587426900863647461e-01 0.000000000000000000e+00
1.612156391143798828e+00 -2.265738844871520996e-01 0.000000000000000000e+00
1.608917355537414551e+00 -1.975502818822860718e-01 0.000000000000000000e+00
1.620076060295104980e+00 -1.702769398689270020e-01 0.000000000000000000e+00
1.616824030876159668e+00 -1.414538472890853882e-01 0.000000000000000000e+00
1.633012294769287109e+00 -1.141914203763008118e-01 0.000000000000000000e+00
1.601801753044128418e+00 -8.394695073366165161e-02 0.000000000000000000e+00
1.624010086059570312e+00 -5.671175941824913025e-02 0.000000000000000000e+00
1.586758255958557129e+00 -2.769704535603523254e-02 0.000000000000000000e+00
